410.000	840.000	1250.000	0.934	27.381	55.888	4.000	37.059	21.516	22.788	10.155	34.202	230.000	141304.876	141315.345	141316.346	141320.429	141320.842	141321.072	141321.692
300.000	800.000	1100.000	0.555	66.250	82.879	2.000	36.459	21.997	12.860	20.083	36.475	530.000	141304.876	141324.923	141325.923	141330.338	141330.642	141331.172	141331.453
270.000	570.000	840.000	1.174	35.088	75.304	3.000	37.183	22.088	22.201	10.741	33.645	200.000	141304.876	141334.393	141335.393	141339.917	141340.192	141340.392	141340.772
290.000	740.000	1030.000	0.268	31.081	77.295	4.000	36.355	21.995	19.441	13.501	33.568	230.000	141304.876	141343.462	141344.462	141346.736	141347.032	141347.262	141347.782
300.000	500.000	800.000	0.252	98.000	85.215	0.000	36.329	21.746	11.197	21.746	36.329	490.000	141304.876	141350.253	141351.254	141354.057	141354.362	141354.852	141354.872
260.000	740.000	1000.000	0.521	63.514	86.036	4.000	36.675	21.574	12.880	20.063	36.520	470.000	141304.876	141358.065	141359.065	141401.547	141401.812	141402.282	141402.562
270.000	660.000	930.000	0.753	74.242	94.553	2.000	37.204	21.552	12.012	20.930	37.572	490.000	141304.876	141405.977	141406.978	141411.972	141412.252	141412.742	141412.922
280.000	810.000	1090.000	0.024	58.025	96.922	4.000	36.414	24.134	10.044	22.898	36.073	470.000	141304.876	141418.185	141419.185	141421.363	141421.652	141422.122	141422.472
300.000	500.000	800.000	0.824	98.000	77.486	0.000	35.346	20.373	12.570	20.372	35.346	490.000	141304.876	141424.677	141425.678	141428.744	141429.052	141429.542	141429.562
290.000	860.000	1150.000	0.412	63.953	87.066	6.000	37.712	22.320	11.022	21.921	37.374	550.000	141304.876	141431.929	141432.929	141437.201	141437.493	141438.043	141438.362
270.000	460.000	730.000	0.132	97.826	87.254	0.000	35.703	21.926	11.015	21.927	35.703	450.000	141304.876	141440.662	141441.663	141445.867	141446.142	141446.592	141446.612
290.000	480.000	770.000	0.369	97.917	80.637	0.000	35.581	21.010	11.930	21.012	35.581	470.000	141304.876	141448.980	141449.980	141452.873	141453.172	141453.642	141453.662
270.000	630.000	900.000	0.323	36.508	82.894	2.000	35.985	22.108	19.340	13.602	33.283	230.000	141304.876	141455.733	141456.733	141459.196	141459.472	141459.701	141500.111
300.000	860.000	1160.000	0.165	66.279	84.232	2.000	36.224	21.395	12.175	20.767	36.297	570.000	141304.876	141503.314	141504.314	141508.925	141509.232	141509.802	141510.102
300.000	480.000	780.000	0.217	95.833	105.538	1.000	36.160	22.259	10.691	22.252	36.160	460.000	141304.876	141511.710	141512.710	141516.484	141516.793	141517.253	141517.282
300.000	430.000	730.000	0.118	97.674	94.489	0.000	36.102	20.660	12.283	20.660	36.102	420.000	141304.876	141519.567	141520.567	141525.198	141525.502	141525.922	141525.942
290.000	550.000	840.000	0.269	98.182	91.407	0.000	36.387	21.285	11.658	21.284	36.387	540.000	141304.876	141527.839	141528.839	141532.453	141532.752	141533.292	141533.312
300.000	680.000	980.000	0.023	75.000	83.361	2.000	36.191	21.385	12.542	20.401	36.115	510.000	141304.876	141535.767	141536.767	141539.870	141540.172	141540.682	141540.862
280.000	800.000	1080.000	0.176	23.750	81.183	4.000	36.344	21.375	20.913	12.029	33.356	190.000	141304.876	141543.555	141544.555	141548.144	141548.432	141548.622	141549.242
270.000	510.000	780.000	1.121	98.039	81.238	0.000	37.122	22.159	10.781	22.161	37.122	500.000	141304.876	141551.720	141552.718	141557.363	141557.642	141558.142	141558.162
