330.000	1100.000	1430.000	0.470	42.727	75.432	5.000	48.358	23.093	1.968	16.450	49.703	470.000	140747.966	140759.764	140800.764	140803.735	140804.072	140804.542	140805.182
310.000	440.000	750.000	0.919	97.727	93.434	0.000	48.028	23.025	4.607	23.025	48.028	430.000	140747.966	140808.844	140809.844	140813.764	140814.082	140814.512	140814.532
300.000	950.000	1250.000	0.106	49.474	92.857	4.000	48.247	24.867	2.977	21.395	48.815	470.000	140747.966	140817.348	140818.348	140821.122	140821.432	140821.902	140822.392
300.000	1060.000	1360.000	0.656	45.283	90.737	8.000	47.841	23.663	2.634	21.052	47.796	480.000	140747.966	140824.638	140825.638	140828.720	140829.022	140829.502	140830.092
280.000	840.000	1120.000	0.493	61.905	92.434	2.000	48.114	22.713	3.359	21.778	48.781	520.000	140747.966	140832.871	140833.871	140837.749	140838.032	140838.552	140838.882
310.000	610.000	920.000	0.600	85.246	93.391	2.000	47.802	23.375	4.906	23.325	47.803	520.000	140747.966	140842.181	140843.181	140845.769	140846.082	140846.602	140846.702
300.000	910.000	1210.000	0.272	54.945	89.724	3.000	47.884	22.872	3.317	21.736	48.949	500.000	140747.966	140848.812	140849.812	140854.559	140854.862	140855.362	140855.782
260.000	450.000	710.000	1.033	97.778	93.794	0.000	48.263	23.307	4.889	23.308	48.263	440.000	140747.966	140858.547	140859.547	140904.200	140904.462	140904.902	140904.922
270.000	930.000	1200.000	0.757	41.935	113.185	6.000	47.921	23.795	3.006	21.424	47.559	390.000	140747.966	140907.725	140908.725	140913.183	140913.462	140913.852	140914.402
270.000	520.000	790.000	0.266	30.769	94.556	3.000	49.163	22.184	6.251	12.167	49.348	160.000	140747.966	140917.392	140918.392	140923.271	140923.542	140923.702	140924.072
290.000	730.000	1020.000	0.282	63.014	86.286	2.000	48.173	22.137	1.047	19.465	49.104	460.000	140747.966	140927.280	140928.280	140931.482	140931.782	140932.242	140932.522
320.000	490.000	810.000	1.036	93.878	97.856	1.000	48.168	21.906	3.467	21.886	48.168	460.000	140747.966	140935.279	140936.279	140938.958	140939.282	140939.742	140939.782
310.000	660.000	970.000	0.257	74.242	83.937	2.000	48.233	22.815	2.894	21.313	48.508	490.000	140747.966	140942.976	140943.976	140947.156	140947.472	140947.962	140948.142
320.000	800.000	1120.000	0.109	82.500	73.364	2.000	48.188	23.134	4.314	22.732	48.277	660.000	140747.966	140950.377	140951.378	140955.130	140955.452	140956.112	140956.262
310.000	880.000	1190.000	0.257	25.000	83.825	6.000	48.120	22.367	3.648	14.771	48.398	220.000	140747.966	140959.034	141000.034	141003.531	141003.842	141004.062	141004.732
330.000	410.000	740.000	2.083	97.561	88.957	0.000	47.502	20.294	1.878	20.296	47.502	400.000	140747.966	141007.880	141008.880	141013.215	141013.552	141013.952	141013.972
340.000	680.000	1020.000	0.147	69.118	95.267	2.000	47.675	22.046	2.766	21.184	48.205	470.000	140747.966	141016.240	141017.240	141020.252	141020.601	141021.071	141021.292
350.000	950.000	1300.000	0.199	51.579	87.676	8.000	47.992	21.647	2.886	21.304	48.209	490.000	140747.966	141023.028	141024.028	141028.626	141028.982	141029.472	141029.942
280.000	900.000	1180.000	0.010	63.333	89.515	6.000	48.709	23.486	4.561	22.980	48.595	570.000	140747.966	141032.607	141033.607	141037.867	141038.152	141038.722	141039.062
300.000	900.000	1200.000	0.542	65.556	82.695	4.000	48.890	24.672	4.884	23.303	48.511	590.000	140747.966	141041.620	141042.620	141045.775	141046.082	141046.672	141046.992
