360.000	1070.000	1430.000	0.201	27.103	38.058	13.000	37.109	21.585	25.535	8.355	34.954	290.000	125127.489	125133.057	125134.057	125136.173	125136.538	125136.828	125137.618
290.000	1140.000	1430.000	0.022	21.053	40.451	8.000	36.637	22.331	26.526	7.365	32.668	240.000	125127.489	125142.656	125143.656	125144.985	125145.277	125145.517	125146.427
500.000	930.000	1430.000	0.182	23.656	32.059	9.000	36.634	20.672	28.556	5.334	32.244	220.000	125127.489	125150.991	125151.991	125155.854	125156.358	125156.578	125157.298
760.000	670.000	1430.000	2.739	26.866	44.165	5.000	34.534	16.514	32.767	1.124	30.472	180.000	125127.489	125201.948	125202.948	125206.330	125207.098	125207.277	125207.778
420.000	950.000	1370.000	0.522	18.947	38.621	6.000	37.226	22.900	29.621	4.270	31.741	180.000	125127.489	125214.157	125215.156	125217.276	125217.697	125217.877	125218.657
300.000	1100.000	1400.000	0.209	25.455	43.609	8.000	36.480	22.897	25.669	8.221	32.376	280.000	125127.489	125226.304	125227.305	125230.000	125230.308	125230.588	125231.418
480.000	950.000	1430.000	0.480	47.368	36.136	2.000	36.345	21.013	21.101	12.789	33.364	450.000	125127.489	125236.948	125237.948	125241.505	125241.988	125242.437	125242.948
360.000	1030.000	1390.000	0.031	24.272	43.120	5.000	36.577	22.481	25.737	8.153	32.155	250.000	125127.489	125249.916	125250.916	125252.069	125252.437	125252.687	125253.477
350.000	1080.000	1430.000	0.209	37.963	41.516	6.000	37.112	22.255	20.741	13.149	34.027	410.000	125127.489	125303.430	125304.430	125307.839	125308.197	125308.607	125309.287
400.000	1030.000	1430.000	0.227	25.243	46.156	6.000	36.362	22.459	24.812	9.078	31.787	260.000	125127.489	125313.980	125314.980	125316.535	125316.937	125317.197	125317.978
360.000	880.000	1240.000	0.253	46.591	50.064	4.000	36.996	22.444	18.976	14.914	35.108	410.000	125127.489	125321.770	125322.770	125325.475	125325.837	125326.247	125326.727
380.000	1050.000	1430.000	0.084	21.905	47.992	10.000	36.684	22.267	25.578	8.312	31.709	230.000	125127.489	125329.697	125330.697	125331.821	125332.207	125332.437	125333.268
410.000	1020.000	1430.000	0.262	39.216	46.837	10.000	36.188	22.204	18.886	15.004	33.225	400.000	125127.489	125335.866	125336.866	125339.845	125340.258	125340.658	125341.288
330.000	1100.000	1430.000	0.050	29.091	45.494	6.000	36.602	22.863	22.792	11.098	32.245	320.000	125127.489	125343.885	125344.885	125347.843	125348.177	125348.497	125349.287
340.000	1090.000	1430.000	0.262	29.358	41.724	8.000	36.816	22.759	23.071	10.819	32.438	320.000	125127.489	125351.451	125352.451	125354.056	125354.398	125354.718	125355.498
30.000	90.000	120.000	2.773	0.000	1.965	0.000	31.689	0.109	33.889	0.001	31.628	0.000	125127.489	125357.268	125358.268	125400.111	125400.311	125400.311	125400.407
370.000	790.000	1160.000	0.244	35.443	47.484	4.000	36.757	22.608	23.852	10.038	32.148	280.000	125127.489	125405.471	125406.471	125408.485	125408.857	125409.137	125409.658
330.000	830.000	1160.000	0.804	28.916	46.132	4.000	35.552	22.591	26.980	6.911	30.780	240.000	125127.489	125412.178	125413.178	125414.960	125415.298	125415.538	125416.138
340.000	780.000	1120.000	0.732	42.308	48.707	2.000	35.824	22.135	21.620	12.270	33.160	330.000	125127.489	125419.552	125420.552	125421.965	125422.307	125422.637	125423.097
310.000	1060.000	1370.000	0.066	31.132	51.253	8.000	36.561	23.868	21.244	12.646	33.292	330.000	125127.489	125426.651	125427.651	125429.403	125429.718	125430.048	125430.788
