340.000	230.000	570.000	0.057	95.652	1.740	0.000	53.130	0.259	18.161	0.257	53.130	220.000	125606.432	125610.947	125611.947	125613.342	125613.688	125613.908	125613.928
30.000	20.000	50.000	9.949	0.000	0.000	0.000	50.223	0.000	18.418	0.000	50.223	0.000	125606.432	125615.698	125616.698	125620.304	125620.504	125620.504	125620.527
30.000	1400.000	1430.000	21.437	11.429	28.429	13.000	48.235	13.543	15.169	3.250	48.889	160.000	125606.432	125635.468	125636.468	125640.227	125640.427	125640.587	125641.838
2350.000	130.000	2480.000	10.647	0.000	12.121	0.000	41.316	1.002	18.413	0.005	40.647	0.000	125606.432	125642.708	125643.708	125645.422	125647.778	125647.778	125647.918
390.000	1020.000	1410.000	0.063	27.451	50.816	9.000	48.231	22.873	9.045	9.373	48.520	280.000	125606.432	125649.345	125650.345	125654.294	125654.687	125654.967	125655.717
310.000	870.000	1180.000	0.197	28.736	65.242	4.000	47.922	22.994	7.463	10.955	47.885	250.000	125606.432	125657.647	125658.647	125700.440	125700.757	125701.007	125701.637
370.000	1060.000	1430.000	0.151	23.585	54.030	4.000	49.097	23.531	8.686	9.732	48.745	250.000	125606.432	125704.193	125705.193	125709.023	125709.398	125709.648	125710.468
280.000	1000.000	1280.000	0.330	37.000	48.478	6.000	48.096	23.304	4.902	13.517	47.563	370.000	125606.432	125713.754	125714.754	125717.664	125717.947	125718.317	125718.957
350.000	1080.000	1430.000	0.097	30.556	52.356	6.000	48.873	23.481	5.620	12.798	48.544	330.000	125606.432	125721.651	125722.651	125725.673	125726.028	125726.358	125727.118
390.000	1040.000	1430.000	0.179	27.885	56.958	7.000	48.610	23.928	6.525	11.893	48.182	290.000	125606.432	125729.454	125730.453	125733.705	125734.098	125734.388	125735.147
300.000	920.000	1220.000	0.132	30.435	49.126	6.000	48.104	22.920	8.618	9.801	47.221	280.000	125606.432	125737.934	125738.935	125741.354	125741.658	125741.938	125742.588
340.000	1090.000	1430.000	0.013	33.945	48.925	8.000	48.255	23.052	4.654	13.765	47.639	370.000	125606.432	125745.201	125746.201	125749.600	125749.947	125750.317	125751.047
350.000	800.000	1150.000	0.084	33.750	54.039	2.000	48.030	22.875	8.082	10.337	48.129	270.000	125606.432	125753.365	125754.365	125757.860	125758.218	125758.488	125759.028
310.000	1120.000	1430.000	0.027	33.929	47.015	8.000	48.422	23.512	5.620	12.798	48.155	380.000	125606.432	125801.845	125802.845	125806.294	125806.607	125806.987	125807.738
340.000	890.000	1230.000	0.563	31.461	48.368	6.000	47.905	23.394	8.595	9.823	47.718	280.000	125606.432	125810.538	125811.538	125814.071	125814.417	125814.697	125815.318
310.000	770.000	1080.000	0.704	62.338	52.734	2.000	47.884	22.381	0.461	17.958	47.794	480.000	125606.432	125818.251	125819.251	125822.765	125823.077	125823.557	125823.857
360.000	1070.000	1430.000	0.138	82.243	62.093	4.000	48.742	24.002	5.160	23.579	48.595	880.000	125606.432	125827.198	125828.198	125829.803	125830.168	125831.048	125831.247
330.000	720.000	1050.000	0.338	41.667	62.034	2.000	47.482	22.743	5.236	13.182	47.684	300.000	125606.432	125838.686	125839.685	125842.252	125842.587	125842.887	125843.317
320.000	830.000	1150.000	0.352	28.916	59.122	2.000	47.905	23.243	8.263	10.155	47.770	240.000	125606.432	125846.098	125847.098	125849.986	125850.308	125850.548	125851.148
340.000	950.000	1290.000	0.016	34.737	47.126	4.000	47.829	22.908	6.643	11.776	47.686	330.000	125606.432	125855.001	125856.001	125859.674	125900.017	125900.347	125900.977
