310.000	400.000	710.000	2.054	75.000	148.703	2.000	40.074	23.161	11.218	22.672	39.727	300.000	112651.135	112703.534	112704.534	112706.776	112707.093	112707.393	112707.503
270.000	580.000	850.000	0.919	62.069	138.487	4.000	38.366	23.133	11.940	21.950	38.492	360.000	112651.135	112710.654	112711.654	112714.893	112715.164	112715.524	112715.754
270.000	530.000	800.000	1.764	88.679	129.955	1.000	35.955	24.131	10.206	23.684	35.832	470.000	112651.135	112722.289	112723.289	112726.742	112727.013	112727.483	112727.553
280.000	1150.000	1430.000	1.366	32.174	80.886	12.000	37.759	22.278	14.531	19.359	36.879	370.000	112651.135	112737.302	112738.302	112741.851	112742.133	112742.503	112743.293
330.000	530.000	860.000	0.768	71.698	123.705	2.000	37.150	21.162	12.970	20.920	36.890	380.000	112651.135	112749.864	112750.864	112753.910	112754.244	112754.624	112754.783
310.000	400.000	710.000	1.603	92.500	114.023	1.000	36.388	20.277	13.643	20.248	36.388	370.000	112651.135	112759.724	112800.724	112804.657	112804.974	112805.344	112805.384
290.000	730.000	1020.000	0.713	47.945	137.185	4.000	37.588	24.758	10.815	23.076	37.333	350.000	112651.135	112810.874	112811.874	112816.469	112816.763	112817.113	112817.503
290.000	450.000	740.000	0.647	88.889	114.600	1.000	37.118	20.771	13.138	20.752	37.093	400.000	112651.135	112822.607	112823.607	112828.203	112828.494	112828.894	112828.954
300.000	590.000	890.000	0.246	67.797	146.296	2.000	38.365	22.261	11.877	22.013	38.100	400.000	112651.135	112835.231	112836.231	112840.555	112840.864	112841.264	112841.464
310.000	550.000	860.000	0.786	63.636	136.220	3.000	37.068	20.678	13.647	20.243	37.226	350.000	112651.135	112847.793	112848.793	112850.952	112851.263	112851.613	112851.823
230.000	270.000	500.000	1.763	96.296	129.807	0.000	36.064	19.467	14.416	19.475	36.064	260.000	112651.135	112856.587	112857.587	112900.583	112900.814	112901.074	112901.094
260.000	640.000	900.000	1.551	59.375	133.021	4.000	36.375	21.433	12.802	21.088	36.255	380.000	112651.135	112906.224	112907.224	112909.892	112910.153	112910.533	112910.803
290.000	310.000	600.000	1.856	96.774	148.303	0.000	36.781	19.381	14.513	19.378	36.781	300.000	112651.135	112915.756	112916.756	112921.739	112922.034	112922.334	112922.353
260.000	340.000	600.000	1.000	97.059	139.143	0.000	37.823	23.032	10.859	23.031	37.823	330.000	112651.135	112926.813	112927.813	112932.459	112932.724	112933.054	112933.074
320.000	330.000	650.000	1.218	96.970	131.815	0.000	35.618	21.710	12.180	21.711	35.618	320.000	112651.135	112938.292	112939.292	112942.046	112942.373	112942.693	112942.713
280.000	340.000	620.000	1.951	97.059	125.170	0.000	36.266	19.396	14.497	19.393	36.266	330.000	112651.135	112947.785	112948.785	112953.748	112954.034	112954.364	112954.384
260.000	360.000	620.000	0.775	97.222	110.662	0.000	36.530	21.791	12.096	21.795	36.530	350.000	112651.135	112958.536	112959.536	113003.993	113004.263	113004.613	113004.633
280.000	360.000	640.000	0.031	94.444	142.722	1.000	37.020	21.549	12.350	21.540	37.020	340.000	112651.135	113009.685	113010.685	113014.414	113014.703	113015.043	113015.073
270.000	360.000	630.000	1.756	86.111	119.015	1.000	36.490	18.638	15.402	18.488	36.497	310.000	112651.135	113019.746	113020.746	113024.513	113024.784	113025.094	113025.154
240.000	680.000	920.000	1.884	39.706	139.982	9.000	36.748	18.973	16.165	17.725	36.640	270.000	112651.135	113031.602	113032.601	113037.572	113037.813	113038.083	113038.503
