370.000	280.000	650.000	6.267	96.429	108.959	0.000	50.937	15.358	3.060	15.359	50.937	270.000	113255.365	113303.781	113304.781	113307.390	113307.764	113308.034	113308.054
280.000	280.000	560.000	1.302	50.000	118.463	2.000	49.942	19.767	5.809	12.609	50.835	140.000	113255.365	113312.489	113313.489	113316.676	113316.963	113317.103	113317.254
310.000	470.000	780.000	4.914	70.213	99.656	1.000	47.922	17.156	1.807	16.612	47.992	330.000	113255.365	113324.829	113325.829	113330.773	113331.093	113331.423	113331.573
340.000	260.000	600.000	3.343	96.154	125.003	0.000	47.791	18.346	0.060	18.359	47.791	250.000	113255.365	113335.351	113336.351	113339.269	113339.614	113339.864	113339.884
230.000	400.000	630.000	0.828	82.500	145.421	1.000	47.716	21.192	2.701	21.120	47.718	330.000	113255.365	113343.107	113344.107	113348.556	113348.794	113349.124	113349.203
230.000	580.000	810.000	0.445	67.241	131.681	4.000	49.153	22.309	3.398	21.817	48.968	390.000	113255.365	113353.436	113354.437	113358.750	113358.984	113359.374	113359.574
230.000	130.000	360.000	11.763	92.308	120.110	0.000	47.201	10.718	7.771	10.647	47.201	120.000	113255.365	113403.849	113404.849	113409.814	113410.053	113410.174	113410.193
310.000	510.000	820.000	1.017	62.745	130.473	2.000	47.639	20.562	0.110	18.529	47.959	320.000	113255.365	113415.337	113416.337	113419.547	113419.863	113420.183	113420.383
220.000	460.000	680.000	1.171	69.565	120.504	2.000	48.190	19.939	0.991	19.409	48.391	320.000	113255.365	113425.796	113426.796	113431.779	113432.004	113432.324	113432.474
360.000	480.000	840.000	0.471	75.000	141.225	2.000	49.212	22.587	4.040	22.459	49.204	360.000	113255.365	113437.191	113438.191	113441.113	113441.483	113441.843	113441.973
250.000	280.000	530.000	0.476	96.429	136.977	0.000	48.547	20.727	2.319	20.737	48.547	270.000	113255.365	113446.107	113447.108	113450.090	113450.345	113450.615	113450.634
230.000	510.000	740.000	0.517	68.627	122.005	3.000	47.878	21.352	2.675	21.094	47.852	350.000	113255.365	113455.409	113456.409	113500.186	113500.423	113500.773	113500.943
250.000	310.000	560.000	0.454	96.774	129.139	0.000	47.195	22.025	3.616	22.034	47.195	300.000	113255.365	113505.009	113506.009	113509.650	113509.904	113510.204	113510.224
240.000	470.000	710.000	0.651	68.085	124.047	3.000	46.867	22.960	4.202	22.620	46.840	320.000	113255.365	113514.653	113515.653	113518.882	113519.123	113519.443	113519.603
230.000	430.000	660.000	1.086	97.674	118.810	0.000	47.418	21.031	2.612	21.030	47.418	420.000	113255.365	113524.016	113525.016	113529.552	113529.783	113530.203	113530.223
290.000	260.000	550.000	2.497	96.154	129.284	0.000	47.135	18.999	0.590	19.008	47.135	250.000	113255.365	113534.758	113535.758	113538.106	113538.404	113538.654	113538.674
220.000	1210.000	1430.000	0.839	18.182	137.394	14.000	47.412	20.564	2.545	15.873	47.380	220.000	113255.365	113543.983	113544.983	113549.709	113549.933	113550.153	113551.153
250.000	330.000	580.000	0.022	96.970	136.809	0.000	47.796	22.279	3.861	22.280	47.796	320.000	113255.365	113554.673	113555.673	113559.080	113559.334	113559.654	113559.674
220.000	290.000	510.000	2.771	96.552	123.475	0.000	46.767	18.463	0.050	18.469	46.767	280.000	113255.365	113604.533	113605.533	113609.277	113609.503	113609.783	113609.803
260.000	500.000	760.000	0.009	82.000	123.614	1.000	47.886	22.345	3.796	22.214	47.891	410.000	113255.365	113613.542	113614.542	113617.549	113617.814	113618.224	113618.324
