360.000	1040.000	1400.000	0.500	12.500	28.982	7.000	36.811	17.871	29.628	2.582	32.226	130.000	95712.302	95744.130	95745.130	95748.936	95749.306	95749.436	95750.356
340.000	1090.000	1430.000	1.011	38.532	30.009	10.000	34.856	17.253	22.263	9.947	33.081	420.000	95712.302	95755.334	95756.334	95800.282	95800.626	95801.046	95801.726
330.000	990.000	1320.000	0.005	49.495	47.198	8.000	35.913	18.399	19.655	12.555	34.116	490.000	95712.302	95808.041	95809.041	95813.537	95813.876	95814.366	95814.876
370.000	980.000	1350.000	0.183	29.592	39.130	7.000	36.395	18.237	23.938	8.272	32.906	290.000	95712.302	95819.237	95820.237	95824.125	95824.496	95824.786	95825.486
390.000	1040.000	1430.000	0.178	47.115	36.956	6.000	36.080	18.238	19.355	12.855	34.190	490.000	95712.302	95829.505	95830.506	95832.938	95833.336	95833.826	95834.386
640.000	790.000	1430.000	0.572	89.873	42.398	2.000	35.649	16.897	15.457	16.753	35.610	710.000	95712.302	95839.872	95840.872	95844.481	95845.126	95845.837	95845.925
450.000	980.000	1430.000	0.189	54.082	50.436	7.000	36.263	17.896	17.590	14.620	35.276	530.000	95712.302	95850.554	95851.554	95855.426	95855.886	95856.416	95856.876
460.000	970.000	1430.000	0.003	54.639	48.391	6.000	35.638	18.574	17.113	15.097	34.400	530.000	95712.302	95900.444	95901.444	95905.868	95906.336	95906.866	95907.316
340.000	1090.000	1430.000	0.008	44.954	49.083	7.000	35.101	19.242	17.035	15.175	33.988	490.000	95712.302	95911.073	95912.073	95914.590	95914.936	95915.426	95916.036
360.000	980.000	1340.000	0.084	20.408	35.266	6.000	36.037	18.084	26.792	5.418	32.687	200.000	95712.302	95919.391	95920.391	95924.722	95925.086	95925.286	95926.076
410.000	1020.000	1430.000	0.020	39.216	40.524	5.000	35.977	18.354	20.079	12.131	34.136	400.000	95712.302	95929.420	95930.420	95934.025	95934.436	95934.836	95935.466
290.000	990.000	1280.000	0.101	36.364	40.359	4.000	35.989	17.989	21.708	10.502	33.530	360.000	95712.302	95945.190	95946.190	95950.638	95950.936	95951.296	95951.936
430.000	960.000	1390.000	0.030	29.167	44.509	8.000	35.857	18.436	23.389	8.821	32.645	280.000	95712.302	95956.402	95957.402	100000.191	100000.626	100000.906	100001.596
330.000	1060.000	1390.000	0.097	38.679	43.652	6.000	35.904	18.535	18.595	13.615	33.903	410.000	95712.302	100005.249	100006.249	100009.190	100009.526	100009.936	100010.596
530.000	900.000	1430.000	0.039	27.778	49.112	8.000	35.839	18.397	22.999	9.211	32.566	250.000	95712.302	100013.990	100014.990	100017.351	100017.886	100018.136	100018.796
320.000	1110.000	1430.000	0.111	22.523	43.986	7.000	35.794	18.375	24.923	7.287	32.671	250.000	95712.302	100022.308	100023.308	100028.030	100028.356	100028.606	100029.477
460.000	970.000	1430.000	0.020	26.804	43.081	10.000	35.863	18.309	24.276	7.934	32.858	260.000	95712.302	100034.202	100035.202	100040.004	100040.466	100040.726	100041.446
360.000	840.000	1200.000	0.002	63.095	45.355	4.000	36.352	17.893	16.482	15.728	35.998	530.000	95712.302	100046.580	100047.580	100051.809	100052.176	100052.706	100053.026
340.000	1000.000	1340.000	0.040	49.000	49.588	4.000	35.987	18.533	19.336	12.874	34.520	490.000	95712.302	100056.256	100057.256	100100.221	100100.566	100101.056	100101.576
440.000	990.000	1430.000	0.230	23.232	34.752	12.000	36.216	18.249	26.596	5.614	33.354	230.000	95712.302	100104.466	100105.466	100110.222	100110.666	100110.896	100111.666
