390.000	980.000	1370.000	0.085	27.551	28.470	10.000	48.164	18.521	16.825	5.787	48.723	270.000	100624.395	100635.784	100636.784	100640.075	100640.466	100640.736	100641.456
370.000	1060.000	1430.000	0.595	26.415	35.620	11.000	48.216	19.095	14.741	7.871	49.496	280.000	100624.395	100644.241	100645.241	100649.993	100650.366	100650.646	100651.436
340.000	1090.000	1430.000	0.304	26.606	32.629	10.000	47.936	18.778	16.054	6.558	48.995	290.000	100624.395	100656.259	100657.259	100701.144	100701.486	100701.776	100702.586
400.000	1030.000	1430.000	0.029	33.981	34.586	3.000	48.767	18.892	14.318	8.294	49.219	350.000	100624.395	100709.012	100710.012	100714.870	100715.276	100715.626	100716.316
400.000	1030.000	1430.000	0.214	42.718	32.015	8.000	47.744	18.817	11.202	11.410	48.154	440.000	100624.395	100720.944	100721.944	100724.378	100724.786	100725.226	100725.826
410.000	1020.000	1430.000	0.681	47.059	36.701	4.000	48.337	18.018	8.829	13.783	48.717	480.000	100624.395	100728.832	100729.833	100732.656	100733.076	100733.556	100734.106
470.000	960.000	1430.000	0.668	82.292	37.771	3.000	47.774	17.707	5.981	16.631	47.751	790.000	100624.395	100736.829	100737.829	100740.600	100741.076	100741.866	100742.046
430.000	1000.000	1430.000	0.152	26.000	36.279	8.000	48.138	18.687	15.269	7.343	49.334	260.000	100624.395	100745.637	100746.637	100749.906	100750.346	100750.606	100751.356
490.000	940.000	1430.000	0.610	41.489	34.370	6.000	48.422	18.387	12.788	9.824	48.972	390.000	100624.395	100753.957	100754.957	100759.513	100800.006	100800.396	100800.956
320.000	1110.000	1430.000	0.179	26.126	40.383	3.000	49.065	19.569	14.318	8.294	49.437	290.000	100624.395	100806.204	100807.204	100809.581	100809.906	100810.196	100811.026
420.000	1010.000	1430.000	1.055	34.653	31.042	8.000	47.569	17.438	14.223	8.389	47.944	350.000	100624.395	100813.847	100814.847	100818.059	100818.486	100818.836	100819.506
440.000	990.000	1430.000	0.080	21.212	36.224	8.000	47.971	18.298	17.018	5.594	48.719	210.000	100624.395	100822.740	100823.741	100826.125	100826.566	100826.776	100827.566
450.000	980.000	1430.000	0.993	29.592	40.909	6.000	47.567	17.618	14.707	7.906	48.067	290.000	100624.395	100830.736	100831.736	100834.371	100834.827	100835.117	100835.816
500.000	930.000	1430.000	0.315	25.806	39.901	5.000	47.817	18.350	15.958	6.654	48.282	240.000	100624.395	100838.647	100839.648	100844.138	100844.646	100844.886	100845.586
510.000	820.000	1330.000	0.494	41.463	42.993	4.000	47.712	18.342	11.089	11.524	47.759	340.000	100624.395	100848.931	100849.931	100852.185	100852.696	100853.036	100853.526
360.000	820.000	1180.000	0.309	40.244	46.264	4.000	48.314	19.539	11.179	11.433	49.074	330.000	100624.395	100856.512	100857.511	100901.978	100902.346	100902.676	100903.176
320.000	1000.000	1320.000	0.561	23.000	34.234	8.000	48.295	18.051	16.062	6.550	49.762	230.000	100624.395	100908.928	100909.928	100913.669	100913.996	100914.227	100915.005
420.000	1010.000	1430.000	0.679	33.663	36.948	5.000	47.857	18.228	13.266	9.346	48.242	340.000	100624.395	100918.175	100919.175	100921.531	100921.956	100922.296	100922.976
350.000	870.000	1220.000	0.435	44.828	40.850	4.000	48.422	18.578	11.233	11.380	48.459	390.000	100624.395	100925.726	100926.726	100928.838	100929.196	100929.586	100930.076
380.000	1050.000	1430.000	0.425	33.333	37.880	3.000	48.306	18.180	13.052	9.561	48.486	350.000	100624.395	100933.070	100934.070	100938.880	100939.266	100939.616	100940.326
