500.000	480.000	980.000	1.891	66.667	78.013	2.000	39.063	11.934	23.333	10.558	39.282	320.000	152041.336	152047.426	152048.426	152049.574	152050.084	152050.403	152050.574
390.000	340.000	730.000	2.726	94.118	107.082	1.000	37.826	14.994	18.904	14.987	37.826	320.000	152041.336	152054.671	152055.671	152057.055	152057.453	152057.773	152057.803
380.000	330.000	710.000	1.489	96.970	108.168	0.000	36.194	18.932	14.956	18.935	36.194	320.000	152041.336	152101.804	152102.804	152105.559	152105.943	152106.263	152106.283
440.000	320.000	760.000	0.928	96.875	113.233	0.000	38.836	20.477	13.409	20.481	38.836	310.000	152041.336	152110.642	152111.642	152113.815	152114.263	152114.573	152114.593
470.000	400.000	870.000	0.840	97.500	108.368	0.000	39.313	20.005	13.887	20.003	39.313	390.000	152041.336	152122.827	152123.828	152124.869	152125.344	152125.734	152125.754
410.000	450.000	860.000	2.403	77.778	102.306	2.000	37.235	17.613	16.595	17.295	37.227	350.000	152041.336	152128.598	152129.598	152131.752	152132.163	152132.513	152132.623
340.000	480.000	820.000	0.495	35.417	91.831	2.000	36.770	22.322	20.855	13.035	34.850	170.000	152041.336	152136.328	152137.328	152140.877	152141.223	152141.394	152141.714
450.000	400.000	850.000	1.466	97.500	112.628	0.000	39.553	21.053	12.839	21.051	39.553	390.000	152041.336	152144.562	152145.562	152146.755	152147.214	152147.604	152147.624
400.000	470.000	870.000	0.916	76.596	107.071	2.000	38.660	18.654	15.653	18.237	38.668	360.000	152041.336	152153.243	152154.243	152155.402	152155.803	152156.163	152156.283
390.000	490.000	880.000	0.893	85.714	106.797	2.000	40.106	20.106	13.805	20.085	40.082	420.000	152041.336	152158.247	152159.247	152201.444	152201.844	152202.264	152202.344
390.000	490.000	880.000	0.066	97.959	105.132	0.000	37.350	21.233	12.659	21.231	37.350	480.000	152041.336	152204.236	152205.236	152208.456	152208.853	152209.333	152209.353
390.000	520.000	910.000	0.129	98.077	87.537	0.000	36.912	21.939	11.952	21.939	36.912	510.000	152041.336	152212.159	152213.159	152217.008	152217.403	152217.913	152217.934
470.000	530.000	1000.000	1.076	98.113	93.583	0.000	40.371	18.898	14.993	18.897	40.371	520.000	152041.336	152219.846	152220.846	152221.881	152222.354	152222.874	152222.894
390.000	620.000	1010.000	0.298	95.161	81.936	1.000	38.009	20.033	13.868	20.023	38.009	590.000	152041.336	152224.614	152225.614	152228.044	152228.443	152229.033	152229.073
400.000	580.000	980.000	0.363	25.862	72.320	2.000	38.843	20.428	24.532	9.358	38.340	150.000	152041.336	152231.114	152232.114	152234.528	152234.934	152235.084	152235.524
380.000	780.000	1160.000	0.012	98.718	69.900	0.000	36.708	22.063	11.831	22.060	36.708	770.000	152041.336	152237.279	152238.279	152241.973	152242.364	152243.134	152243.153
350.000	510.000	860.000	0.307	98.039	86.237	0.000	37.126	21.496	12.395	21.495	37.126	500.000	152041.336	152245.321	152246.321	152248.960	152249.313	152249.813	152249.833
430.000	600.000	1030.000	0.431	98.333	81.518	0.000	38.602	20.875	13.017	20.873	38.602	590.000	152041.336	152251.881	152252.882	152254.200	152254.634	152255.224	152255.244
260.000	780.000	1040.000	0.128	41.026	59.024	4.000	36.779	22.087	20.117	13.774	34.437	320.000	152041.336	152256.853	152257.853	152300.476	152300.743	152301.063	152301.533
340.000	1020.000	1360.000	0.369	76.471	57.657	4.000	37.352	22.106	11.990	21.900	37.456	780.000	152041.336	152303.407	152304.407	152308.220	152308.563	152309.343	152309.593
