360.000	440.000	800.000	1.667	86.364	123.845	1.000	49.265	20.358	1.597	20.015	49.235	380.000	151609.155	151615.384	151616.384	151618.401	151618.763	151619.143	151619.213
430.000	1000.000	1430.000	1.808	36.000	114.978	8.000	49.212	21.931	1.881	20.299	49.554	360.000	151609.155	151623.727	151624.727	151628.488	151628.924	151629.284	151629.934
370.000	1060.000	1430.000	1.577	34.906	119.137	8.000	48.197	20.921	1.460	19.879	48.802	370.000	151609.155	151633.660	151634.659	151637.603	151637.983	151638.353	151639.053
350.000	640.000	990.000	0.387	79.687	105.098	2.000	49.761	21.327	2.840	21.258	49.747	510.000	151609.155	151644.318	151645.318	151649.316	151649.674	151650.184	151650.324
380.000	410.000	790.000	0.262	41.463	87.883	3.000	47.559	19.336	5.173	13.245	49.640	170.000	151609.155	151653.683	151654.683	151656.303	151656.693	151656.863	151657.113
300.000	770.000	1070.000	1.150	68.831	105.486	2.000	49.078	23.923	5.129	23.548	48.978	530.000	151609.155	151700.215	151701.215	151704.758	151705.065	151705.595	151705.844
350.000	350.000	700.000	1.975	97.143	129.818	0.000	47.954	23.384	4.969	23.387	47.954	340.000	151609.155	151709.191	151710.190	151713.841	151714.193	151714.533	151714.553
360.000	710.000	1070.000	3.378	60.563	84.890	4.000	48.360	18.551	0.509	17.909	48.262	430.000	151609.155	151717.999	151719.000	151722.941	151723.304	151723.734	151724.024
450.000	430.000	880.000	1.071	83.721	104.422	2.000	47.491	17.204	1.430	16.988	47.479	360.000	151609.155	151726.944	151727.944	151729.153	151729.613	151729.973	151730.053
340.000	490.000	830.000	0.528	83.673	91.846	2.000	47.767	18.174	0.504	17.914	47.845	410.000	151609.155	151733.560	151734.560	151737.003	151737.343	151737.753	151737.843
460.000	550.000	1010.000	0.819	61.818	112.734	3.000	48.424	19.433	0.450	18.868	48.667	340.000	151609.155	151740.932	151741.932	151743.400	151743.865	151744.205	151744.423
410.000	430.000	840.000	1.608	97.674	105.362	0.000	48.009	20.338	1.920	20.338	48.009	420.000	151609.155	151747.603	151748.603	151750.096	151750.513	151750.933	151750.953
340.000	560.000	900.000	0.344	98.214	95.333	0.000	47.879	21.060	2.639	21.058	47.879	550.000	151609.155	151754.038	151755.038	151757.744	151758.094	151758.644	151758.664
330.000	600.000	930.000	0.693	71.667	112.917	2.000	47.837	22.812	4.274	22.692	47.842	430.000	151609.155	151801.763	151802.762	151806.595	151806.933	151807.363	151807.543
400.000	570.000	970.000	1.250	82.456	89.393	1.000	47.740	18.144	0.657	17.761	47.761	470.000	151609.155	151810.734	151811.734	151813.643	151814.044	151814.514	151814.624
370.000	620.000	990.000	0.675	58.065	94.224	2.000	48.108	18.946	0.619	17.799	48.580	360.000	151609.155	151817.363	151818.363	151820.739	151821.113	151821.473	151821.743
350.000	580.000	930.000	0.576	98.276	89.830	0.000	48.356	22.571	4.152	22.570	48.356	570.000	151609.155	151824.391	151825.391	151829.212	151829.563	151830.133	151830.153
360.000	640.000	1000.000	0.177	98.437	83.477	0.000	47.086	23.180	4.760	23.179	47.086	630.000	151609.155	151832.224	151833.224	151836.517	151836.883	151837.513	151837.533
30.000	120.000	150.000	22.492	0.000	3.601	0.000	49.584	0.267	18.416	0.002	49.590	0.000	151609.155	151841.665	151842.665	151844.348	151844.548	151844.548	151844.673
300.000	560.000	860.000	0.070	94.643	83.976	2.000	48.286	22.053	3.612	22.030	48.286	530.000	151609.155	151848.850	151849.850	151852.602	151852.904	151853.434	151853.474
