240.000	640.000	880.000	0.767	60.937	115.305	5.000	38.741	21.031	13.010	20.880	38.813	390.000	92702.007	92706.528	92707.528	92711.232	92711.481	92711.871	92712.131
340.000	480.000	820.000	2.801	79.167	138.659	2.000	40.118	23.796	10.535	23.356	40.246	380.000	92702.007	92715.581	92716.581	92718.645	92718.990	92719.370	92719.480
270.000	580.000	850.000	2.307	72.414	134.585	2.000	38.540	25.148	9.276	24.614	38.603	420.000	92702.007	92722.806	92723.806	92726.606	92726.882	92727.302	92727.470
230.000	400.000	630.000	0.064	97.500	127.390	0.000	37.370	21.935	11.957	21.933	37.370	390.000	92702.007	92730.584	92731.584	92735.190	92735.430	92735.820	92735.840
310.000	340.000	650.000	0.992	97.059	132.060	0.000	40.553	19.416	14.478	19.412	40.553	330.000	92702.007	92738.930	92739.930	92742.089	92742.400	92742.730	92742.750
290.000	300.000	590.000	0.946	96.667	141.560	0.000	35.987	21.941	11.951	21.940	35.987	290.000	92702.007	92746.325	92747.325	92750.740	92751.040	92751.330	92751.350
260.000	560.000	820.000	2.156	66.071	141.672	4.000	39.866	23.310	10.849	23.042	39.802	370.000	92702.007	92754.971	92755.971	92759.654	92759.920	92760.290	92800.490
310.000	410.000	720.000	1.492	92.683	134.987	1.000	38.271	23.833	10.078	23.812	38.271	380.000	92702.007	92803.150	92804.150	92807.399	92807.710	92808.090	92808.130
260.000	440.000	700.000	0.245	84.091	126.403	2.000	37.859	22.040	11.946	21.944	37.868	370.000	92702.007	92812.074	92813.074	92815.735	92816.000	92816.370	92816.450
270.000	330.000	600.000	0.603	96.970	123.422	0.000	38.039	21.105	12.777	21.113	38.039	320.000	92702.007	92820.726	92821.726	92825.621	92825.900	92826.220	92826.240
240.000	380.000	620.000	0.557	97.368	135.224	0.000	37.720	22.409	11.483	22.407	37.720	370.000	92702.007	92829.809	92830.809	92834.853	92835.100	92835.470	92835.490
250.000	310.000	560.000	0.116	96.774	128.004	0.000	36.763	22.756	11.125	22.765	36.763	300.000	92702.007	92838.633	92839.633	92842.853	92843.110	92843.410	92843.430
270.000	380.000	650.000	0.507	97.368	117.304	0.000	36.466	21.287	12.605	21.285	36.466	370.000	92702.007	92847.094	92848.094	92852.383	92852.660	92853.030	92853.050
390.000	680.000	1070.000	2.128	57.353	142.328	5.000	40.198	22.234	11.917	21.973	40.303	390.000	92702.007	92856.004	92857.004	92859.275	92859.671	92860.061	92900.360
250.000	480.000	730.000	0.216	81.250	109.793	2.000	36.337	22.244	11.753	22.137	36.367	390.000	92702.007	92903.232	92904.232	92908.417	92908.670	92909.060	92909.160
310.000	490.000	800.000	0.803	93.878	103.498	1.000	36.945	19.957	13.945	19.946	36.945	460.000	92702.007	92912.564	92913.565	92918.079	92918.390	92918.850	92918.890
360.000	350.000	710.000	1.632	97.143	130.079	0.000	38.494	23.319	10.571	23.319	38.494	340.000	92702.007	92921.827	92922.827	92925.619	92925.980	92926.320	92926.340
420.000	230.000	650.000	0.273	95.652	130.893	0.000	41.329	16.705	17.176	16.714	41.329	220.000	92702.007	92929.825	92930.825	92932.847	92933.281	92933.501	92933.521
270.000	490.000	760.000	0.432	75.510	136.737	2.000	37.159	22.666	11.301	22.589	37.153	370.000	92702.007	92936.288	92937.288	92941.012	92941.290	92941.660	92941.790
360.000	380.000	740.000	0.215	84.211	131.276	1.000	39.741	19.756	14.259	19.631	39.774	320.000	92702.007	92947.635	92948.635	92951.223	92951.591	92951.911	92951.981
