270.000	390.000	660.000	2.263	82.051	112.888	2.000	51.125	19.951	0.898	19.316	51.222	320.000	93137.062	93148.085	93149.086	93152.636	93152.911	93153.231	93153.311
280.000	620.000	900.000	2.069	58.065	129.577	5.000	50.037	23.631	4.578	22.996	49.778	360.000	93137.062	93156.768	93157.768	93200.132	93200.420	93200.780	93201.050
290.000	560.000	850.000	2.167	80.357	115.913	2.000	48.592	24.648	6.162	24.580	48.650	450.000	93137.062	93205.379	93206.379	93209.995	93210.291	93210.741	93210.861
240.000	620.000	860.000	1.645	70.968	149.908	2.000	49.879	24.976	6.347	24.765	49.864	440.000	93137.062	93214.053	93215.053	93218.510	93218.760	93219.200	93219.390
270.000	320.000	590.000	1.882	96.875	142.547	0.000	49.057	24.200	5.788	24.206	49.057	310.000	93137.062	93222.686	93223.686	93226.373	93226.651	93226.961	93226.981
330.000	460.000	790.000	0.932	67.391	128.182	3.000	49.583	19.256	0.716	19.134	49.593	310.000	93137.062	93231.897	93232.897	93235.455	93235.790	93236.100	93236.260
270.000	340.000	610.000	2.104	97.059	130.438	0.000	48.258	24.313	5.901	24.319	48.258	330.000	93137.062	93239.259	93240.259	93244.796	93245.071	93245.401	93245.421
280.000	650.000	930.000	0.966	64.615	118.885	4.000	48.773	24.479	5.814	24.232	48.649	420.000	93137.062	93248.807	93249.807	93254.276	93254.560	93254.980	93255.220
250.000	540.000	790.000	0.301	83.333	130.423	2.000	48.896	23.194	4.701	23.120	48.882	450.000	93137.062	93301.315	93302.315	93306.461	93306.720	93307.170	93307.270
280.000	620.000	900.000	0.662	61.290	124.927	2.000	48.900	25.159	5.910	24.328	48.607	380.000	93137.062	93310.173	93311.173	93315.487	93315.770	93316.150	93316.401
320.000	600.000	920.000	1.997	73.333	131.160	2.000	48.016	25.114	6.531	24.949	48.026	440.000	93137.062	93319.499	93320.499	93323.610	93323.940	93324.380	93324.550
30.000	630.000	660.000	1.365	85.714	128.648	1.000	48.465	24.900	6.318	24.736	48.421	540.000	93137.062	93328.679	93329.679	93332.068	93332.268	93332.808	93332.900
280.000	560.000	840.000	0.511	66.071	138.110	4.000	49.313	23.493	4.867	23.285	49.221	370.000	93137.062	93336.279	93337.279	93339.926	93340.210	93340.580	93340.780
250.000	490.000	740.000	1.339	91.837	122.106	2.000	47.007	24.519	6.085	24.503	47.025	450.000	93137.062	93343.569	93344.569	93349.507	93349.760	93350.210	93350.260
270.000	530.000	800.000	0.850	77.358	126.223	3.000	49.199	22.814	4.326	22.745	49.185	410.000	93137.062	93354.120	93355.120	93357.727	93358.000	93358.410	93358.540
270.000	520.000	790.000	1.635	78.846	138.709	2.000	49.508	24.615	5.871	24.290	49.426	410.000	93137.062	93402.122	93403.122	93407.505	93407.780	93408.190	93408.311
340.000	290.000	630.000	3.389	96.552	148.632	0.000	49.728	22.476	4.064	22.483	49.728	280.000	93137.062	93411.475	93412.475	93414.718	93415.060	93415.340	93415.360
240.000	440.000	680.000	0.117	97.727	124.072	0.000	48.776	22.719	4.299	22.717	48.776	430.000	93137.062	93418.659	93419.659	93423.608	93423.850	93424.280	93424.300
270.000	560.000	830.000	0.173	67.857	122.183	3.000	48.798	23.006	4.314	22.733	48.781	380.000	93137.062	93427.951	93428.951	93430.974	93431.251	93431.631	93431.821
300.000	500.000	800.000	0.068	90.000	130.607	1.000	49.419	20.257	1.801	20.219	49.439	450.000	93137.062	93434.889	93435.889	93438.550	93438.860	93439.310	93439.370
