680.000	750.000	1430.000	0.316	29.333	36.526	6.000	36.700	19.123	28.687	5.203	33.029	220.000	152622.200	152627.760	152628.760	152630.380	152631.067	152631.287	152631.827
470.000	190.000	660.000	3.209	94.737	3.032	0.000	28.795	0.283	33.611	0.279	28.795	180.000	152622.200	152636.372	152637.372	152641.052	152641.527	152641.707	152641.727
430.000	890.000	1320.000	0.246	28.090	59.407	8.000	36.828	22.838	22.478	11.412	35.172	250.000	152622.200	152642.722	152643.722	152646.417	152646.857	152647.107	152647.757
430.000	800.000	1230.000	0.432	37.500	63.415	6.000	36.983	22.627	19.753	14.137	35.807	300.000	152622.200	152651.838	152652.838	152655.785	152656.218	152656.518	152657.028
390.000	860.000	1250.000	0.192	32.558	59.964	4.000	36.846	22.885	21.583	12.307	33.676	280.000	152622.200	152700.233	152701.233	152702.998	152703.397	152703.677	152704.267
360.000	860.000	1220.000	0.511	33.721	69.476	6.000	37.942	23.203	19.101	14.789	36.951	290.000	152622.200	152708.114	152709.114	152711.645	152712.008	152712.298	152712.878
470.000	750.000	1220.000	0.520	64.000	73.026	4.000	36.784	20.919	15.454	18.436	36.424	480.000	152622.200	152716.479	152717.479	152720.381	152720.857	152721.337	152721.617
420.000	670.000	1090.000	0.520	98.507	74.862	0.000	36.811	22.852	11.038	22.852	36.811	660.000	152622.200	152723.568	152724.568	152726.247	152726.668	152727.328	152727.348
390.000	760.000	1150.000	0.356	85.526	57.156	2.000	36.971	22.918	11.446	22.445	36.991	650.000	152622.200	152730.537	152731.537	152732.992	152733.388	152734.038	152734.157
370.000	860.000	1230.000	0.274	26.744	63.308	6.000	37.044	22.036	23.107	10.783	34.229	230.000	152622.200	152736.882	152737.882	152740.162	152740.537	152740.767	152741.407
440.000	650.000	1090.000	1.187	36.923	64.511	2.000	38.084	22.754	22.255	11.635	35.330	240.000	152622.200	152745.255	152746.255	152747.452	152747.898	152748.138	152748.558
470.000	690.000	1160.000	0.191	34.783	59.724	4.000	37.050	22.400	22.748	11.142	34.029	240.000	152622.200	152751.555	152752.555	152755.904	152756.377	152756.617	152757.077
420.000	670.000	1090.000	0.635	35.821	65.269	4.000	37.383	22.529	22.159	11.731	35.671	240.000	152622.200	152800.962	152801.963	152803.703	152804.128	152804.368	152804.808
350.000	690.000	1040.000	0.200	42.029	69.143	4.000	36.757	22.623	19.440	14.451	35.548	290.000	152622.200	152807.316	152808.316	152811.067	152811.427	152811.717	152812.127
410.000	960.000	1370.000	0.067	23.958	61.889	6.000	36.906	22.464	22.680	11.210	34.042	230.000	152622.200	152815.465	152816.465	152818.951	152819.368	152819.598	152820.338
350.000	690.000	1040.000	0.427	98.551	64.453	0.000	36.089	22.066	11.822	22.068	36.089	680.000	152622.200	152823.079	152824.079	152826.016	152826.367	152827.047	152827.067
360.000	740.000	1100.000	0.308	91.892	65.487	1.000	36.990	22.241	11.730	22.160	37.021	680.000	152622.200	152830.928	152831.928	152835.413	152835.777	152836.457	152836.528
420.000	770.000	1190.000	0.298	57.143	63.227	4.000	36.073	22.706	15.442	18.448	34.020	440.000	152622.200	152839.776	152840.776	152842.650	152843.078	152843.518	152843.857
410.000	660.000	1070.000	0.075	39.394	65.198	2.000	36.709	22.449	21.255	12.635	34.713	260.000	152622.200	152846.636	152847.636	152851.048	152851.467	152851.727	152852.138
370.000	670.000	1040.000	0.263	44.776	59.331	2.000	36.894	22.743	20.161	13.729	34.028	300.000	152622.200	152856.168	152857.168	152858.576	152858.948	152859.248	152859.628
