410.000	1020.000	1430.000	0.895	21.569	47.263	7.000	48.417	22.038	10.928	7.491	48.970	220.000	152054.714	152101.955	152102.955	152106.095	152106.508	152106.728	152107.538
450.000	740.000	1190.000	1.735	94.595	72.258	1.000	48.328	24.575	6.097	24.515	48.346	700.000	152054.714	152113.157	152114.157	152115.647	152116.107	152116.807	152116.857
400.000	580.000	980.000	1.194	60.345	65.623	2.000	47.653	21.698	1.877	16.541	47.435	350.000	152054.714	152120.618	152121.618	152125.401	152125.808	152126.158	152126.398
400.000	720.000	1120.000	0.035	63.889	64.037	4.000	47.869	22.872	0.303	18.722	48.065	460.000	152054.714	152131.599	152132.599	152134.608	152135.017	152135.478	152135.747
320.000	710.000	1030.000	0.226	36.620	62.707	2.000	48.224	22.574	7.047	11.371	48.370	260.000	152054.714	152141.183	152142.183	152143.922	152144.247	152144.507	152144.967
370.000	690.000	1060.000	0.346	33.333	59.145	2.000	47.666	23.065	9.312	9.107	47.829	230.000	152054.714	152149.448	152150.448	152152.071	152152.448	152152.677	152153.147
30.000	20.000	50.000	16.053	0.000	0.000	0.000	50.888	0.000	18.418	0.000	50.888	0.000	152054.714	152200.153	152201.153	152202.910	152203.110	152203.110	152203.137
350.000	760.000	1110.000	0.253	55.263	61.632	2.000	47.843	23.233	0.567	17.851	48.021	420.000	152054.714	152205.968	152206.968	152209.563	152209.918	152210.337	152210.687
360.000	1070.000	1430.000	0.217	24.299	57.400	8.000	47.771	23.299	7.871	10.548	48.922	260.000	152054.714	152214.370	152215.370	152218.220	152218.588	152218.848	152219.667
370.000	980.000	1350.000	0.076	30.612	60.959	10.000	47.869	22.906	4.086	14.332	48.732	300.000	152054.714	152223.740	152224.740	152228.136	152228.508	152228.807	152229.498
390.000	660.000	1050.000	0.912	98.485	63.884	0.000	48.062	23.920	5.499	23.917	48.062	650.000	152054.714	152233.071	152234.071	152236.238	152236.637	152237.287	152237.307
340.000	870.000	1210.000	0.183	79.310	60.700	2.000	47.919	22.840	3.558	21.976	47.994	690.000	152054.714	152240.928	152241.928	152244.986	152245.328	152246.017	152246.207
30.000	520.000	550.000	23.335	78.846	26.170	2.000	48.847	5.610	13.137	5.282	48.986	410.000	152054.714	152253.476	152254.475	152256.655	152256.855	152257.265	152257.377
320.000	980.000	1300.000	0.204	53.061	46.629	2.000	47.835	23.213	0.837	17.581	48.236	520.000	152054.714	152257.965	152258.965	152301.982	152302.308	152302.828	152303.297
410.000	920.000	1330.000	0.033	29.348	54.988	5.000	48.037	22.845	7.490	10.928	48.562	270.000	152054.714	152307.066	152308.066	152311.045	152311.457	152311.727	152312.387
340.000	940.000	1280.000	0.284	72.340	62.763	3.000	48.039	22.860	3.481	21.900	48.283	680.000	152054.714	152316.266	152317.266	152320.608	152320.957	152321.638	152321.908
360.000	860.000	1220.000	0.027	29.070	53.271	4.000	47.952	23.012	9.805	8.613	48.199	250.000	152054.714	152325.911	152326.911	152329.230	152329.597	152329.847	152330.467
300.000	1130.000	1430.000	0.095	59.292	64.339	5.000	47.911	23.234	3.685	22.104	48.285	670.000	152054.714	152333.792	152334.792	152337.418	152337.728	152338.397	152338.867
390.000	810.000	1200.000	0.060	35.802	60.350	2.000	48.089	23.035	5.875	12.543	48.536	290.000	152054.714	152342.234	152343.234	152346.412	152346.807	152347.097	152347.627
360.000	840.000	1200.000	1.356	54.762	59.855	4.000	47.873	24.382	0.038	18.456	48.008	460.000	152054.714	152351.150	152352.150	152353.746	152354.107	152354.567	152354.957
