490.000	440.000	930.000	0.684	97.727	83.212	0.000	36.263	18.100	14.109	18.101	36.263	430.000	100626.325	100637.534	100639.034	100641.599	100642.095	100642.525	100642.545
470.000	700.000	1170.000	0.185	60.000	92.307	4.000	36.308	17.723	15.840	16.370	36.066	420.000	100626.325	100647.909	100649.409	100652.098	100652.576	100652.996	100653.286
410.000	420.000	830.000	0.727	97.619	71.544	0.000	35.502	16.126	16.083	16.127	35.502	410.000	100626.325	100658.023	100659.523	100701.674	100702.085	100702.495	100702.515
560.000	710.000	1270.000	0.087	50.704	96.795	4.000	35.995	19.191	15.164	17.046	35.238	360.000	100626.325	100708.298	100709.798	100713.462	100714.026	100714.386	100714.746
590.000	450.000	1040.000	0.415	97.778	68.624	0.000	35.786	16.765	15.444	16.766	35.786	440.000	100626.325	100720.269	100721.769	100725.144	100725.735	100726.175	100726.196
630.000	800.000	1430.000	0.689	52.500	93.696	5.000	39.032	20.676	13.197	19.013	37.247	420.000	100626.325	100730.306	100731.806	100734.236	100734.875	100735.295	100735.685
60.000	120.000	180.000	1.206	83.333	0.873	1.000	27.954	0.052	32.171	0.039	27.954	100.000	100626.325	100740.266	100741.766	100743.875	100744.075	100744.174	100744.196
1380.000	50.000	1430.000	2.920	0.000	38.287	0.000	32.559	2.203	32.184	0.026	31.585	0.000	100626.325	100745.282	100746.782	100751.591	100752.975	100752.975	100753.035
950.000	480.000	1430.000	0.074	79.167	99.636	2.000	35.732	19.455	13.083	19.127	35.765	380.000	100626.325	100758.644	100800.144	100804.044	100804.996	100805.376	100805.486
1100.000	330.000	1430.000	0.462	96.970	91.316	0.000	36.242	18.483	13.827	18.383	36.256	320.000	100626.325	100810.001	100811.501	100813.909	100815.015	100815.335	100815.355
960.000	420.000	1380.000	0.315	95.238	91.648	1.000	35.688	16.865	15.351	16.859	35.688	400.000	100626.325	100828.081	100829.581	100832.843	100833.806	100834.206	100834.235
1170.000	260.000	1430.000	1.150	96.154	117.596	0.000	36.296	19.951	12.721	19.489	36.117	250.000	100626.325	100839.683	100841.183	100845.020	100846.195	100846.445	100846.465
980.000	400.000	1380.000	0.083	97.500	87.985	0.000	36.331	17.613	14.596	17.614	36.331	390.000	100626.325	100852.753	100854.253	100858.744	100859.726	100860.116	100900.136
760.000	640.000	1400.000	0.799	81.250	75.006	2.000	35.627	16.862	15.782	16.428	35.618	520.000	100626.325	100908.628	100910.129	100913.277	100914.047	100914.567	100914.696
860.000	430.000	1290.000	0.621	93.023	98.770	1.000	36.562	18.669	13.574	18.636	36.562	400.000	100626.325	100922.248	100923.748	100928.132	100928.996	100929.395	100929.436
940.000	490.000	1430.000	0.584	97.959	71.238	0.000	36.524	17.690	14.518	17.692	36.524	480.000	100626.325	100933.514	100935.014	100938.570	100939.515	100939.995	100940.015
1430.000	0.000	1430.000	1.934	NaN	0.000	0.000	31.506	0.018	32.192	0.018	31.132	0.000	100626.325	100946.890	100948.390	100953.357	100954.795	100954.795	100954.805
640.000	470.000	1110.000	1.125	82.979	101.030	1.000	37.408	18.590	13.695	18.515	37.392	390.000	100626.325	101002.052	101003.553	101006.993	101007.636	101008.026	101008.116
680.000	380.000	1060.000	0.942	97.368	94.162	0.000	35.202	17.726	14.484	17.726	35.202	370.000	100626.325	101012.565	101014.066	101017.472	101018.155	101018.525	101018.545
610.000	320.000	930.000	0.311	96.875	107.350	0.000	35.373	18.211	13.990	18.220	35.373	310.000	100626.325	101024.030	101025.530	101029.882	101030.495	101030.805	101030.825
