450.000	640.000	1090.000	1.654	32.812	76.057	6.000	53.533	18.368	10.087	12.525	52.665	210.000	101444.833	101459.630	101501.130	101503.162	101503.616	101503.826	101504.266
430.000	640.000	1070.000	1.170	67.187	78.571	4.000	51.008	18.406	4.666	17.946	50.974	430.000	101444.833	101513.787	101515.287	101519.080	101519.516	101519.946	101520.166
370.000	570.000	940.000	0.774	85.965	78.265	1.000	48.196	18.973	3.775	18.837	48.146	490.000	101444.833	101524.385	101525.885	101529.021	101529.395	101529.885	101529.975
500.000	690.000	1190.000	0.577	55.072	97.187	4.000	49.559	20.200	3.217	19.396	49.240	380.000	101444.833	101534.944	101536.445	101541.269	101541.776	101542.156	101542.476
410.000	500.000	910.000	0.371	98.000	69.829	0.000	47.963	18.292	4.319	18.293	47.963	490.000	101444.833	101545.626	101547.126	101550.688	101551.105	101551.595	101551.615
520.000	440.000	960.000	0.721	97.727	89.042	0.000	48.043	18.090	4.526	18.086	48.043	430.000	101444.833	101556.031	101557.531	101600.046	101600.576	101601.006	101601.026
540.000	550.000	1090.000	1.451	30.909	88.034	3.000	49.480	19.246	9.924	12.688	48.730	170.000	101444.833	101605.608	101607.108	101611.835	101612.376	101612.546	101612.936
470.000	660.000	1130.000	0.097	68.182	91.755	4.000	48.904	18.765	3.919	18.693	48.852	450.000	101444.833	101616.704	101618.204	101623.179	101623.655	101624.105	101624.325
620.000	440.000	1060.000	0.215	88.636	100.680	2.000	47.849	18.801	3.848	18.765	47.869	390.000	101444.833	101629.135	101630.635	101634.817	101635.446	101635.836	101635.896
480.000	460.000	940.000	0.195	93.478	97.209	1.000	48.573	19.013	3.613	18.999	48.573	430.000	101444.833	101641.528	101643.028	101647.383	101647.866	101648.296	101648.336
520.000	560.000	1080.000	0.119	83.929	80.358	2.000	48.456	19.515	3.243	19.370	48.443	470.000	101444.833	101651.911	101653.411	101657.498	101658.025	101658.495	101658.595
700.000	730.000	1430.000	0.217	58.904	90.426	4.000	50.454	19.931	3.428	19.185	50.089	430.000	101444.833	101702.140	101703.640	101706.696	101707.406	101707.836	101708.146
470.000	470.000	940.000	0.509	91.489	92.475	1.000	48.058	19.453	3.179	19.434	48.080	430.000	101444.833	101711.286	101712.785	101717.269	101717.745	101718.175	101718.225
480.000	530.000	1010.000	2.017	84.906	99.744	1.000	48.200	20.670	2.030	20.582	48.207	450.000	101444.833	101721.578	101723.078	101725.904	101726.386	101726.836	101726.926
500.000	560.000	1060.000	0.516	75.000	92.967	2.000	48.327	19.935	2.937	19.675	48.340	420.000	101444.833	101730.248	101731.748	101736.730	101737.235	101737.655	101737.806
660.000	330.000	990.000	0.037	96.970	99.578	0.000	48.376	18.024	4.584	18.028	48.376	320.000	101444.833	101741.505	101743.005	101747.686	101748.355	101748.675	101748.695
460.000	440.000	900.000	0.090	97.727	86.757	0.000	48.483	18.418	4.196	18.416	48.483	430.000	101444.833	101752.287	101753.787	101755.985	101756.456	101756.886	101756.906
380.000	420.000	800.000	0.428	97.619	78.771	0.000	48.669	18.185	4.428	18.184	48.669	410.000	101444.833	101800.091	101801.591	101805.634	101806.015	101806.425	101806.445
440.000	470.000	910.000	0.359	97.872	81.405	0.000	48.082	17.968	4.646	17.966	48.082	460.000	101444.833	101810.566	101812.067	101814.821	101815.266	101815.726	101815.746
460.000	660.000	1120.000	0.248	71.212	83.558	4.000	48.792	19.472	3.403	19.209	48.678	470.000	101444.833	101819.882	101821.382	101824.473	101824.935	101825.405	101825.605
