540.000	890.000	1430.000	0.493	32.584	39.565	10.000	37.385	22.004	25.866	8.024	34.470	290.000	114035.285	114042.647	114043.647	114047.398	114047.944	114048.234	114048.845
430.000	570.000	1000.000	0.700	43.860	71.840	2.000	35.887	22.724	21.712	12.178	33.204	250.000	114035.285	114052.231	114053.231	114056.250	114056.685	114056.935	114057.265
500.000	930.000	1430.000	0.740	38.710	45.571	8.000	35.781	21.175	21.740	12.150	33.832	360.000	114035.285	114100.496	114101.496	114103.703	114104.204	114104.564	114105.144
400.000	570.000	970.000	1.825	57.895	76.965	2.000	38.092	24.588	14.444	19.446	37.177	330.000	114035.285	114108.553	114109.553	114113.673	114114.075	114114.405	114114.655
470.000	810.000	1280.000	0.503	16.049	54.975	6.000	37.463	22.461	30.401	3.489	32.790	130.000	114035.285	114117.908	114118.908	114122.525	114123.004	114123.134	114123.824
530.000	520.000	1050.000	0.542	55.769	83.024	2.000	36.771	24.115	17.932	15.958	34.321	290.000	114035.285	114126.587	114127.587	114130.505	114131.046	114131.336	114131.575
460.000	490.000	950.000	0.769	97.959	77.326	0.000	37.888	22.160	11.730	22.161	37.888	480.000	114035.285	114134.383	114135.383	114140.300	114140.764	114141.244	114141.264
410.000	570.000	980.000	0.297	98.246	65.800	0.000	36.912	21.667	12.224	21.666	36.912	560.000	114035.285	114144.090	114145.091	114149.814	114150.225	114150.785	114150.805
460.000	580.000	1040.000	0.961	50.000	68.561	2.000	37.375	23.422	20.674	13.216	34.412	290.000	114035.285	114154.235	114155.234	114157.940	114158.404	114158.694	114158.994
440.000	590.000	1030.000	1.025	98.305	69.662	0.000	37.732	23.267	10.621	23.269	37.732	580.000	114035.285	114201.800	114202.800	114205.481	114205.925	114206.505	114206.525
410.000	950.000	1360.000	0.120	71.579	62.349	4.000	37.099	22.293	12.487	21.404	37.031	680.000	114035.285	114209.398	114210.398	114214.154	114214.574	114215.254	114215.534
400.000	630.000	1030.000	0.518	42.857	64.072	4.000	36.724	23.997	22.827	11.063	33.185	270.000	114035.285	114220.832	114221.832	114225.877	114226.285	114226.555	114226.925
400.000	660.000	1060.000	1.712	86.364	82.190	2.000	38.357	23.323	10.600	23.290	38.348	570.000	114035.285	114231.045	114232.045	114236.166	114236.574	114237.144	114237.244
460.000	510.000	970.000	0.839	98.039	75.920	0.000	35.769	21.956	11.936	21.954	35.769	500.000	114035.285	114240.431	114241.431	114243.992	114244.455	114244.955	114244.975
420.000	550.000	970.000	0.014	98.182	71.580	0.000	36.654	22.317	11.571	22.319	36.654	540.000	114035.285	114253.014	114254.014	114257.462	114257.885	114258.425	114258.445
370.000	570.000	940.000	0.869	98.246	75.128	0.000	36.766	24.681	9.207	24.683	36.766	560.000	114035.285	114301.670	114302.670	114306.069	114306.444	114307.004	114307.024
370.000	580.000	950.000	0.588	50.000	72.313	2.000	36.736	23.909	18.934	14.956	34.077	290.000	114035.285	114310.250	114311.250	114314.262	114314.635	114314.925	114315.225
360.000	830.000	1190.000	0.749	68.675	68.441	2.000	36.047	22.295	13.120	20.770	35.813	570.000	114035.285	114318.437	114319.437	114323.023	114323.384	114323.954	114324.224
440.000	730.000	1170.000	1.726	83.562	84.188	2.000	37.715	24.998	8.930	24.961	37.692	610.000	114035.285	114328.306	114329.306	114334.006	114334.455	114335.065	114335.195
560.000	470.000	1030.000	0.554	53.191	84.954	2.000	37.375	22.879	18.510	15.381	34.844	250.000	114035.285	114338.243	114339.243	114343.402	114343.964	114344.214	114344.444
