480.000	950.000	1430.000	1.593	75.789	73.950	2.000	46.380	27.478	6.718	25.136	47.464	720.000	113409.415	113420.509	113421.509	113424.272	113424.754	113425.474	113425.714
650.000	780.000	1430.000	1.297	60.256	66.139	4.000	48.387	23.791	0.247	18.665	49.896	470.000	113409.415	113429.193	113430.193	113433.761	113434.415	113434.885	113435.206
470.000	960.000	1430.000	0.964	32.292	80.309	6.000	48.238	27.371	2.580	15.839	49.787	310.000	113409.415	113439.421	113440.421	113444.717	113445.194	113445.504	113446.164
610.000	820.000	1430.000	0.239	56.098	53.429	6.000	49.270	21.981	2.303	16.115	51.166	460.000	113409.415	113448.526	113449.526	113452.246	113452.865	113453.325	113453.696
450.000	970.000	1420.000	0.995	14.433	62.034	6.000	47.837	24.119	15.990	2.428	48.978	140.000	113409.415	113457.972	113458.973	113501.844	113502.304	113502.444	113503.284
430.000	800.000	1230.000	0.935	42.500	58.927	4.000	47.860	23.527	4.227	14.191	49.494	340.000	113409.415	113508.574	113509.574	113512.190	113512.624	113512.964	113513.434
470.000	690.000	1160.000	1.242	31.884	63.180	6.000	48.252	24.058	7.507	10.911	49.355	220.000	113409.415	113517.107	113518.107	113522.273	113522.745	113522.965	113523.445
500.000	930.000	1430.000	0.396	26.882	71.504	7.000	49.303	24.365	7.896	10.522	49.453	250.000	113409.415	113529.477	113530.476	113535.418	113535.924	113536.174	113536.864
470.000	840.000	1310.000	2.474	77.381	85.483	2.000	50.631	26.597	7.504	25.922	50.299	650.000	113409.415	113541.034	113542.034	113545.070	113545.545	113546.195	113546.395
480.000	950.000	1430.000	0.870	27.368	64.241	6.000	48.595	23.603	6.376	12.043	49.964	260.000	113409.415	113549.980	113550.980	113555.602	113556.084	113556.345	113557.045
560.000	800.000	1360.000	1.442	41.250	80.697	4.000	48.573	24.125	0.516	17.903	48.970	330.000	113409.415	113600.993	113601.993	113606.984	113607.554	113607.884	113608.364
440.000	710.000	1150.000	0.849	36.620	65.176	6.000	48.772	23.710	5.876	12.542	47.840	260.000	113409.415	113612.065	113613.065	113616.579	113617.025	113617.285	113617.745
510.000	700.000	1210.000	1.100	61.429	72.321	4.000	48.227	23.936	1.374	19.792	48.684	430.000	113409.415	113626.546	113627.546	113631.261	113631.774	113632.205	113632.485
490.000	830.000	1320.000	0.336	42.169	76.454	2.000	48.539	23.488	5.127	13.291	48.682	350.000	113409.415	113636.099	113637.099	113641.513	113642.004	113642.354	113642.844
450.000	800.000	1250.000	3.052	90.000	81.463	2.000	48.945	25.977	7.424	25.843	48.967	720.000	113409.415	113645.621	113646.621	113649.924	113650.375	113651.095	113651.185
430.000	950.000	1380.000	2.027	44.211	60.729	6.000	48.657	25.290	2.279	16.139	47.932	420.000	113409.415	113655.284	113656.284	113658.623	113659.054	113659.474	113700.014
480.000	830.000	1310.000	0.635	18.072	69.715	4.000	48.165	23.619	15.563	2.855	48.724	150.000	113409.415	113703.556	113704.556	113708.697	113709.185	113709.335	113710.025
430.000	760.000	1190.000	1.038	34.211	64.066	4.000	48.549	23.787	9.280	9.138	48.617	260.000	113409.415	113713.140	113714.140	113716.269	113716.704	113716.964	113717.474
430.000	810.000	1240.000	1.471	39.506	62.570	2.000	48.543	24.062	3.780	14.638	49.274	320.000	113409.415	113720.591	113721.591	113725.456	113725.895	113726.215	113726.715
450.000	680.000	1130.000	2.426	25.000	68.799	4.000	48.883	24.997	12.257	6.161	49.957	170.000	113409.415	113730.099	113731.099	113734.920	113735.374	113735.544	113736.064
