370.000	710.000	1080.000	1.533	95.775	52.040	1.000	38.838	18.955	14.963	18.928	38.838	680.000	112633.186	112642.735	112643.735	112646.752	112647.124	112647.804	112647.844
30.000	320.000	350.000	2.394	96.875	3.955	0.000	30.998	0.652	33.240	0.650	30.998	310.000	112633.186	112651.621	112652.621	112655.338	112655.538	112655.848	112655.865
430.000	760.000	1190.000	1.213	50.000	52.060	2.000	37.841	22.945	20.321	13.569	35.678	380.000	112633.186	112657.737	112658.737	112700.549	112700.985	112701.365	112701.755
440.000	860.000	1300.000	1.044	48.837	45.123	4.000	37.522	22.810	21.131	12.760	34.456	420.000	112633.186	112704.789	112705.789	112709.576	112710.024	112710.444	112710.895
460.000	970.000	1430.000	0.946	44.330	43.063	4.000	37.421	22.920	22.882	11.008	34.503	430.000	112633.186	112715.970	112716.970	112719.191	112719.655	112720.085	112720.634
440.000	990.000	1430.000	0.814	33.333	37.900	4.000	37.236	23.085	25.821	8.069	32.818	330.000	112633.186	112724.273	112725.273	112729.103	112729.545	112729.875	112730.545
420.000	1010.000	1430.000	1.506	35.644	40.668	4.000	37.643	23.951	24.083	9.807	33.243	360.000	112633.186	112733.427	112734.427	112737.113	112737.534	112737.894	112738.554
460.000	970.000	1430.000	0.583	37.113	40.757	2.000	37.012	22.971	23.944	9.946	33.736	360.000	112633.186	112741.568	112742.568	112745.905	112746.375	112746.735	112747.355
480.000	950.000	1430.000	0.011	40.000	31.237	11.000	36.948	20.961	25.850	8.040	33.317	380.000	112633.186	112754.575	112755.574	112758.165	112758.654	112759.034	112759.614
570.000	860.000	1430.000	0.101	39.535	34.544	6.000	36.595	21.374	25.708	8.182	32.702	340.000	112633.186	112803.485	112804.485	112806.496	112807.075	112807.415	112807.945
470.000	960.000	1430.000	0.867	34.375	42.022	6.000	37.103	23.717	25.262	8.628	33.829	330.000	112633.186	112813.744	112814.744	112817.645	112818.124	112818.454	112819.095
460.000	970.000	1430.000	0.312	37.113	33.998	12.000	36.525	21.481	25.787	8.103	33.464	360.000	112633.186	112824.442	112825.442	112828.027	112828.495	112828.855	112829.475
480.000	950.000	1430.000	0.044	46.316	43.508	2.000	36.322	23.177	20.688	13.202	33.596	440.000	112633.186	112832.759	112833.759	112835.323	112835.804	112836.244	112836.765
450.000	980.000	1430.000	0.290	24.490	43.122	6.000	37.129	22.200	27.020	6.870	32.896	240.000	112633.186	112839.751	112840.751	112842.834	112843.285	112843.525	112844.275
350.000	1070.000	1420.000	1.301	38.318	33.631	6.000	37.883	22.881	24.111	9.779	34.551	410.000	112633.186	112847.938	112848.938	112851.470	112851.824	112852.234	112852.904
420.000	1000.000	1420.000	0.217	24.000	40.460	8.000	36.852	22.507	27.214	6.677	32.857	240.000	112633.186	112856.004	112857.004	112858.920	112859.345	112859.585	112900.355
380.000	970.000	1350.000	0.733	35.052	45.730	2.000	37.334	22.749	23.432	10.458	32.558	340.000	112633.186	112904.014	112905.013	112906.394	112906.784	112907.124	112907.764
390.000	1040.000	1430.000	0.450	40.385	43.514	4.000	37.045	22.233	20.719	13.171	34.495	420.000	112633.186	112911.027	112912.027	112913.311	112913.705	112914.125	112914.755
360.000	800.000	1160.000	0.919	46.250	53.082	2.000	37.692	22.767	19.931	13.959	34.867	370.000	112633.186	112917.965	112918.965	112921.084	112921.445	112921.815	112922.254
390.000	940.000	1330.000	0.520	25.532	44.248	6.000	37.228	22.474	26.467	7.423	33.081	240.000	112633.186	112928.424	112929.424	112932.395	112932.795	112933.035	112933.745
