410.000	800.000	1210.000	1.066	30.000	48.092	4.000	48.288	23.800	10.118	8.300	49.307	240.000	112018.702	112024.459	112025.459	112028.831	112029.245	112029.485	112030.055
360.000	910.000	1270.000	0.331	65.934	64.791	2.000	48.042	23.229	2.993	21.412	48.084	600.000	112018.702	112032.625	112033.625	112035.595	112035.965	112036.565	112036.885
400.000	950.000	1350.000	0.719	30.526	57.637	2.000	47.853	23.703	7.172	11.246	48.689	290.000	112018.702	112039.745	112040.745	112043.622	112044.024	112044.314	112044.985
310.000	870.000	1180.000	0.722	35.632	48.922	4.000	48.037	23.723	7.743	10.675	48.052	310.000	112018.702	112047.819	112048.819	112052.055	112052.375	112052.685	112053.255
360.000	960.000	1320.000	0.718	30.208	48.300	4.000	48.354	23.693	7.736	10.682	48.011	290.000	112018.702	112056.067	112057.067	112100.312	112100.674	112100.964	112101.644
300.000	990.000	1290.000	0.409	60.606	53.422	2.000	48.055	23.274	0.900	19.318	47.878	600.000	112018.702	112104.310	112105.310	112108.004	112108.305	112108.905	112109.305
320.000	880.000	1200.000	0.499	34.091	55.277	2.000	47.896	23.183	5.476	12.942	47.752	300.000	112018.702	112111.936	112112.936	112115.714	112116.044	112116.344	112116.934
360.000	1010.000	1370.000	0.462	71.287	60.183	2.000	48.571	23.356	3.642	22.061	48.896	720.000	112018.702	112120.424	112121.425	112122.979	112123.345	112124.065	112124.365
360.000	820.000	1180.000	0.468	48.780	54.163	2.000	48.705	23.584	4.408	14.010	48.011	400.000	112018.702	112126.685	112127.685	112131.242	112131.605	112132.005	112132.434
300.000	820.000	1120.000	1.421	28.049	59.081	4.000	49.369	24.199	9.276	9.142	49.330	230.000	112018.702	112134.850	112135.850	112138.853	112139.155	112139.385	112139.985
310.000	900.000	1210.000	0.560	27.778	58.598	2.000	48.688	23.309	7.814	10.605	48.755	250.000	112018.702	112142.739	112143.739	112146.679	112146.995	112147.245	112147.904
370.000	800.000	1170.000	1.655	43.750	58.844	2.000	49.187	24.517	3.011	15.407	49.904	350.000	112018.702	112150.865	112151.865	112154.051	112154.424	112154.774	112155.235
380.000	690.000	1070.000	1.135	42.029	63.805	2.000	48.311	23.988	4.888	13.531	48.360	290.000	112018.702	112158.232	112159.232	112201.309	112201.695	112201.985	112202.395
380.000	960.000	1340.000	0.173	77.083	62.005	2.000	47.768	23.356	4.349	22.768	47.935	740.000	112018.702	112205.039	112206.039	112208.905	112209.294	112210.034	112210.264
340.000	780.000	1120.000	0.123	98.718	67.905	0.000	48.915	22.906	4.484	22.903	48.915	770.000	112018.702	112212.950	112213.950	112216.531	112216.875	112217.645	112217.665
420.000	670.000	1090.000	2.381	38.806	65.336	2.000	49.098	25.254	5.995	12.424	48.219	260.000	112018.702	112220.217	112221.217	112222.357	112222.784	112223.044	112223.464
350.000	720.000	1070.000	1.626	36.111	61.187	2.000	48.729	24.388	7.429	10.989	47.854	260.000	112018.702	112226.209	112227.209	112230.129	112230.485	112230.745	112231.215
360.000	810.000	1170.000	0.341	48.148	50.598	2.000	48.269	23.320	4.848	13.570	47.378	390.000	112018.702	112234.022	112235.022	112237.349	112237.715	112238.105	112238.535
340.000	800.000	1140.000	1.755	48.750	57.479	2.000	49.093	24.715	2.775	15.643	48.739	390.000	112018.702	112240.797	112241.797	112243.193	112243.534	112243.924	112244.344
350.000	970.000	1320.000	0.853	98.969	59.055	0.000	48.293	24.015	5.594	24.012	48.293	960.000	112018.702	112246.654	112247.654	112249.207	112249.565	112250.525	112250.545
