340.000	760.000	1100.000	0.735	51.316	67.237	7.000	37.999	17.824	16.468	15.742	37.717	390.000	104332.091	104338.346	104339.346	104341.738	104342.088	104342.478	104342.858
510.000	660.000	1170.000	0.287	60.606	63.063	4.000	36.776	16.531	17.614	14.596	36.668	400.000	104332.091	104348.921	104349.921	104354.699	104355.218	104355.618	104355.888
460.000	470.000	930.000	0.372	57.447	76.913	4.000	36.316	19.091	16.995	15.215	35.939	270.000	104332.091	104403.056	104404.056	104407.404	104407.869	104408.139	104408.349
510.000	580.000	1090.000	0.048	67.241	94.151	3.000	35.852	18.261	14.891	17.319	35.691	390.000	104332.091	104415.486	104416.486	104420.406	104420.918	104421.308	104421.508
300.000	490.000	790.000	0.141	75.510	118.813	3.000	36.825	18.515	13.898	18.312	36.792	370.000	104332.091	104432.622	104433.622	104435.861	104436.168	104436.538	104436.668
470.000	450.000	920.000	1.702	84.444	103.053	2.000	34.597	16.992	15.267	16.943	34.616	380.000	104332.091	104440.042	104441.042	104443.491	104443.969	104444.349	104444.429
300.000	590.000	890.000	0.342	57.627	108.849	4.000	35.832	16.856	15.869	16.341	36.007	340.000	104332.091	104449.749	104450.749	104453.550	104453.858	104454.198	104454.458
300.000	830.000	1130.000	0.573	45.783	116.402	8.000	37.811	19.374	13.645	18.565	37.561	380.000	104332.091	104457.685	104458.685	104501.170	104501.479	104501.859	104502.319
530.000	690.000	1220.000	2.061	46.377	115.861	4.000	34.632	19.039	14.249	17.961	34.724	320.000	104332.091	104506.225	104507.225	104510.323	104510.858	104511.178	104511.558
360.000	410.000	770.000	1.165	78.049	117.033	1.000	35.595	17.487	14.946	17.264	35.557	320.000	104332.091	104516.500	104517.500	104520.949	104521.320	104521.640	104521.738
370.000	490.000	860.000	0.158	65.306	108.595	2.000	36.810	16.911	15.512	16.698	36.757	320.000	104332.091	104525.102	104526.102	104530.855	104531.228	104531.549	104531.728
390.000	580.000	970.000	0.052	55.172	118.553	4.000	36.609	18.970	13.642	18.568	36.542	320.000	104332.091	104534.035	104535.035	104537.101	104537.499	104537.819	104538.089
590.000	520.000	1110.000	1.892	57.692	102.916	5.000	34.859	17.079	16.405	15.805	34.539	300.000	104332.091	104540.810	104541.810	104546.118	104546.719	104547.019	104547.248
360.000	400.000	760.000	1.583	77.500	123.174	2.000	34.773	18.024	14.454	17.756	34.791	310.000	104332.091	104553.840	104554.840	104556.921	104557.288	104557.598	104557.698
380.000	950.000	1330.000	0.391	37.895	113.719	7.000	35.320	18.579	15.171	17.039	34.050	360.000	104332.091	104600.784	104601.784	104605.314	104605.698	104606.058	104606.659
340.000	410.000	750.000	1.804	85.366	97.487	1.000	34.405	15.590	16.661	15.549	34.425	350.000	104332.091	104609.801	104610.801	104612.925	104613.269	104613.619	104613.689
370.000	430.000	800.000	0.557	93.023	103.458	1.000	35.504	18.075	14.150	18.060	35.504	400.000	104332.091	104616.837	104617.837	104620.009	104620.388	104620.788	104620.828
450.000	430.000	880.000	1.400	93.023	83.364	1.000	34.663	16.697	15.525	16.685	34.663	400.000	104332.091	104623.461	104624.461	104628.562	104629.019	104629.419	104629.459
470.000	380.000	850.000	1.661	97.368	96.605	0.000	34.771	16.881	15.333	16.878	34.771	370.000	104332.091	104631.871	104632.871	104637.383	104637.858	104638.228	104638.248
460.000	380.000	840.000	1.495	89.474	90.167	1.000	34.417	17.484	14.801	17.409	34.461	340.000	104332.091	104641.793	104642.793	104647.552	104648.019	104648.359	104648.409
