390.000	940.000	1330.000	18.963	23.404	4.068	10.000	51.636	1.611	22.085	0.528	51.375	220.000	105022.984	105031.424	105032.424	105036.364	105036.759	105036.979	105037.708
510.000	590.000	1100.000	0.680	61.017	97.856	2.000	52.775	18.745	4.554	18.058	52.386	360.000	105022.984	105038.297	105039.297	105044.134	105044.648	105045.008	105045.250
330.000	490.000	820.000	0.076	79.592	103.673	2.000	50.600	18.235	4.635	17.977	50.705	390.000	105022.984	105048.061	105049.061	105051.733	105052.069	105052.459	105052.569
330.000	1100.000	1430.000	0.174	41.818	103.944	4.000	53.653	25.040	1.953	20.660	52.491	460.000	105022.984	105055.252	105056.252	105058.917	105059.248	105059.708	105100.358
410.000	940.000	1350.000	0.141	36.170	101.812	8.000	51.399	22.694	5.073	17.539	52.449	340.000	105022.984	105102.633	105103.633	105107.783	105108.199	105108.539	105109.149
330.000	430.000	760.000	1.679	97.674	100.075	0.000	50.485	16.829	5.786	16.827	50.485	420.000	105022.984	105111.473	105112.473	105116.283	105116.618	105117.038	105117.058
330.000	750.000	1080.000	2.229	66.667	101.113	3.000	51.142	22.048	1.193	21.420	51.020	500.000	105022.984	105119.223	105120.223	105123.148	105123.479	105123.979	105124.239
310.000	480.000	790.000	0.599	93.750	111.472	1.000	51.045	19.039	3.590	19.022	51.045	450.000	105022.984	105126.176	105127.176	105129.784	105130.098	105130.548	105130.588
390.000	460.000	850.000	1.307	93.478	81.581	1.000	51.161	17.266	5.382	17.230	51.161	430.000	105022.984	105133.090	105134.090	105137.702	105138.098	105138.529	105138.568
350.000	450.000	800.000	0.103	95.556	103.229	1.000	50.447	18.106	4.513	18.100	50.447	430.000	105022.984	105140.542	105141.542	105146.255	105146.608	105147.038	105147.068
320.000	400.000	720.000	0.738	97.500	98.084	0.000	49.449	17.751	4.861	17.751	49.449	390.000	105022.984	105149.603	105150.603	105154.324	105154.648	105155.038	105155.058
640.000	330.000	970.000	1.072	51.515	87.809	2.000	50.799	17.490	10.451	12.161	50.973	170.000	105022.984	105157.209	105158.209	105201.037	105201.679	105201.849	105202.019
340.000	400.000	740.000	0.910	90.000	100.591	1.000	48.433	19.125	3.617	18.995	48.455	360.000	105022.984	105204.284	105205.284	105207.351	105207.699	105208.059	105208.108
370.000	340.000	710.000	0.730	97.059	93.239	0.000	48.257	17.238	5.370	17.243	48.257	330.000	105022.984	105210.315	105211.315	105214.829	105215.209	105215.539	105215.559
290.000	320.000	610.000	1.741	96.875	99.142	0.000	47.940	16.510	6.100	16.513	47.940	310.000	105022.984	105218.856	105219.856	105222.308	105222.609	105222.919	105222.938
440.000	470.000	910.000	0.901	82.979	97.357	2.000	48.994	19.374	3.443	19.169	48.982	390.000	105022.984	105225.010	105226.010	105229.814	105230.260	105230.649	105230.739
410.000	510.000	920.000	1.696	25.490	92.198	5.000	48.751	16.431	12.833	9.779	50.623	130.000	105022.984	105233.236	105234.236	105239.161	105239.578	105239.708	105240.098
380.000	540.000	920.000	0.368	64.815	112.325	3.000	49.009	18.265	4.554	18.058	49.101	350.000	105022.984	105242.122	105243.122	105245.277	105245.658	105246.008	105246.208
410.000	310.000	720.000	0.267	96.774	115.188	0.000	48.554	17.991	4.614	17.998	48.554	300.000	105022.984	105248.115	105249.116	105253.310	105253.729	105254.029	105254.049
510.000	370.000	880.000	1.697	97.297	107.153	0.000	47.349	16.456	6.159	16.454	47.349	360.000	105022.984	105256.533	105257.534	105300.524	105301.038	105301.398	105301.418
