400.000	1030.000	1430.000	0.192	41.748	39.956	6.000	36.163	17.245	22.928	9.282	34.621	430.000	132112.608	132119.409	132120.409	132124.138	132124.540	132124.970	132125.580
320.000	1050.000	1370.000	0.487	40.952	45.892	6.000	36.566	18.391	20.627	11.583	35.950	430.000	132112.608	132132.976	132133.976	132136.088	132136.410	132136.840	132137.470
350.000	1080.000	1430.000	0.506	24.074	45.185	7.000	35.760	17.551	24.130	8.080	33.178	260.000	132112.608	132143.045	132144.045	132147.988	132148.340	132148.600	132149.430
290.000	950.000	1240.000	0.310	48.421	50.237	4.000	36.487	18.315	17.686	14.524	36.132	460.000	132112.608	132155.360	132156.360	132159.668	132159.959	132160.419	132200.920
450.000	930.000	1380.000	0.076	53.763	42.183	4.000	36.366	17.801	17.830	14.380	36.169	500.000	132112.608	132203.932	132204.932	132207.176	132207.630	132208.130	132208.570
320.000	940.000	1260.000	0.151	28.723	43.312	4.000	36.303	17.984	23.095	9.115	34.471	270.000	132112.608	132215.174	132216.174	132220.242	132220.570	132220.840	132221.520
410.000	900.000	1310.000	0.029	20.000	43.461	8.000	36.194	17.799	26.545	5.665	32.977	180.000	132112.608	132225.502	132226.502	132230.519	132230.930	132231.110	132231.840
520.000	800.000	1320.000	0.009	77.500	54.572	4.000	36.500	17.449	15.650	16.560	36.328	620.000	132112.608	132235.179	132236.179	132238.344	132238.870	132239.490	132239.680
290.000	800.000	1090.000	0.058	18.750	60.625	6.000	36.450	17.911	25.121	7.089	33.977	150.000	132112.608	132242.799	132243.799	132247.759	132248.050	132248.200	132248.860
260.000	850.000	1110.000	0.060	22.353	46.942	4.000	36.268	18.174	24.930	7.280	33.503	190.000	132112.608	132253.327	132254.327	132257.880	132258.150	132258.340	132259.010
340.000	800.000	1140.000	0.305	57.500	59.245	5.000	36.707	18.013	16.250	15.960	36.572	460.000	132112.608	132304.315	132305.315	132309.614	132309.959	132310.419	132310.770
340.000	780.000	1120.000	0.099	51.282	56.694	6.000	36.082	18.357	17.774	14.436	35.441	400.000	132112.608	132313.517	132314.517	132318.413	132318.760	132319.160	132319.550
370.000	870.000	1240.000	0.174	41.379	54.621	4.000	36.903	17.215	19.445	12.765	35.915	360.000	132112.608	132325.042	132326.043	132328.331	132328.710	132329.070	132329.590
290.000	700.000	990.000	0.174	68.571	52.351	4.000	36.627	17.600	15.632	16.578	36.519	480.000	132112.608	132333.445	132334.445	132338.060	132338.360	132338.840	132339.070
290.000	790.000	1080.000	0.125	62.025	57.079	2.000	36.181	18.363	17.004	15.206	35.171	490.000	132112.608	132341.655	132342.654	132345.331	132345.630	132346.120	132346.430
320.000	740.000	1060.000	0.269	78.378	55.718	4.000	36.622	17.889	14.937	17.273	36.621	580.000	132112.608	132352.721	132353.721	132357.783	132358.110	132358.690	132358.860
360.000	840.000	1200.000	0.413	71.429	48.175	2.000	35.342	18.235	15.993	16.217	34.905	600.000	132112.608	132401.592	132402.592	132407.546	132407.910	132408.510	132408.760
360.000	810.000	1170.000	0.184	72.840	55.817	2.000	36.035	17.675	16.159	16.051	35.703	590.000	132112.608	132412.174	132413.174	132415.804	132416.170	132416.760	132416.990
320.000	790.000	1110.000	0.018	18.987	52.599	10.000	36.646	17.354	25.459	6.751	35.766	150.000	132112.608	132420.991	132421.991	132424.980	132425.310	132425.460	132426.110
450.000	780.000	1230.000	0.169	66.667	57.845	4.000	36.582	18.076	16.113	16.097	36.280	520.000	132112.608	132429.424	132430.424	132432.925	132433.380	132433.900	132434.170
