360.000	360.000	720.000	0.519	83.333	97.514	1.000	36.686	12.340	19.987	12.223	36.723	300.000	153948.173	153958.538	153959.539	154004.249	154004.616	154004.916	154004.986
360.000	420.000	780.000	2.345	78.571	96.685	2.000	34.450	15.154	17.161	15.049	34.480	330.000	153948.173	154007.410	154008.409	154011.836	154012.205	154012.535	154012.635
430.000	390.000	820.000	0.659	97.436	95.034	0.000	36.000	15.949	16.261	15.949	36.000	380.000	153948.173	154015.981	154016.981	154019.555	154019.986	154020.366	154020.386
410.000	480.000	890.000	2.066	75.000	130.061	2.000	33.133	19.140	13.250	18.960	33.185	360.000	153948.173	154025.075	154026.074	154028.526	154028.945	154029.305	154029.435
370.000	560.000	930.000	0.841	71.429	98.706	2.000	35.166	16.648	15.766	16.444	34.997	400.000	153948.173	154032.856	154033.856	154036.646	154037.026	154037.426	154037.596
410.000	450.000	860.000	0.032	97.778	104.510	0.000	36.359	17.255	14.955	17.255	36.359	440.000	153948.173	154040.867	154041.867	154045.338	154045.755	154046.195	154046.215
360.000	260.000	620.000	0.885	96.154	126.427	0.000	35.806	16.329	15.878	16.332	35.806	250.000	153948.173	154048.916	154049.916	154052.670	154053.036	154053.286	154053.306
360.000	260.000	620.000	0.135	96.154	129.075	0.000	36.904	15.548	16.659	15.551	36.904	250.000	153948.173	154055.846	154056.846	154100.381	154100.745	154100.995	154101.015
310.000	470.000	780.000	0.971	76.596	125.503	1.000	36.864	19.681	12.705	19.505	36.883	360.000	153948.173	154103.304	154104.304	154106.431	154106.745	154107.105	154107.225
350.000	240.000	590.000	0.014	95.833	127.750	0.000	39.900	11.866	20.346	11.864	39.900	230.000	153948.173	154109.120	154110.120	154112.220	154112.576	154112.806	154112.826
390.000	360.000	750.000	1.866	88.889	124.045	1.000	35.650	15.456	16.775	15.435	35.670	320.000	153948.173	154115.120	154116.120	154120.230	154120.625	154120.945	154120.995
340.000	400.000	740.000	0.816	72.500	134.964	1.000	36.133	15.497	16.777	15.433	36.065	290.000	153948.173	154123.645	154124.645	154128.679	154129.026	154129.316	154129.436
550.000	450.000	1000.000	0.421	80.000	122.636	2.000	36.054	17.035	15.212	16.998	36.042	360.000	153948.173	154131.964	154132.964	154137.026	154137.585	154137.945	154138.045
630.000	220.000	850.000	1.012	95.455	134.530	0.000	37.440	14.161	18.042	14.168	37.440	210.000	153948.173	154139.998	154140.998	154143.198	154143.837	154144.046	154144.065
540.000	430.000	970.000	0.483	79.070	133.195	1.000	36.883	16.996	15.393	16.817	36.852	340.000	153948.173	154145.983	154146.983	154151.549	154152.096	154152.436	154152.536
630.000	360.000	990.000	0.508	97.222	124.997	0.000	36.180	17.654	14.557	17.653	36.180	350.000	153948.173	154154.102	154155.102	154158.472	154159.106	154159.456	154159.475
180.000	50.000	230.000	1.713	0.000	0.901	0.000	32.548	0.040	32.208	0.002	32.532	0.000	153948.173	154201.116	154202.116	154207.089	154207.289	154207.289	154207.346
400.000	240.000	640.000	1.665	95.833	124.505	0.000	36.684	14.510	17.698	14.512	36.684	230.000	153948.173	154211.536	154212.537	154217.021	154217.425	154217.655	154217.676
390.000	240.000	630.000	0.195	95.833	138.822	0.000	36.883	16.528	15.682	16.528	36.883	230.000	153948.173	154220.538	154221.538	154225.046	154225.446	154225.676	154225.696
520.000	240.000	760.000	0.621	95.833	136.253	0.000	35.968	15.871	16.334	15.876	35.968	230.000	153948.173	154228.266	154229.266	154234.165	154234.695	154234.925	154234.946
