590.000	490.000	1080.000	2.882	73.469	83.499	2.000	49.143	14.575	8.255	14.357	49.098	360.000	153328.408	153401.227	153402.227	153405.010	153405.605	153405.965	153406.105
570.000	590.000	1160.000	3.759	61.017	139.215	2.000	48.181	20.120	2.757	19.855	48.176	360.000	153328.408	153410.165	153411.165	153415.666	153416.246	153416.606	153416.846
320.000	370.000	690.000	2.753	89.189	90.940	1.000	47.757	15.490	7.187	15.426	47.801	330.000	153328.408	153420.911	153421.911	153425.644	153425.965	153426.296	153426.345
580.000	490.000	1070.000	3.237	65.306	106.122	3.000	47.062	16.377	6.574	16.039	47.272	320.000	153328.408	153430.574	153431.574	153435.277	153435.865	153436.185	153436.365
740.000	290.000	1030.000	2.724	96.552	143.044	0.000	48.312	20.336	2.271	20.341	48.312	280.000	153328.408	153439.218	153440.218	153442.897	153443.646	153443.926	153443.946
410.000	480.000	890.000	2.187	68.750	100.572	3.000	48.595	15.456	7.236	15.377	48.660	330.000	153328.408	153447.083	153448.083	153452.605	153453.016	153453.346	153453.505
510.000	330.000	840.000	1.754	96.970	85.919	0.000	47.393	15.040	7.571	15.041	47.393	320.000	153328.408	153455.701	153456.701	153501.611	153502.126	153502.446	153502.466
640.000	480.000	1120.000	1.285	62.500	130.787	2.000	48.704	16.674	6.529	16.083	48.364	300.000	153328.408	153505.198	153506.198	153510.059	153510.705	153511.005	153511.195
330.000	360.000	690.000	1.014	86.111	143.556	1.000	48.371	16.100	6.573	16.039	48.397	310.000	153328.408	153513.713	153514.713	153519.418	153519.756	153520.066	153520.126
310.000	400.000	710.000	0.572	97.500	111.777	0.000	47.617	16.707	5.905	16.707	47.617	390.000	153328.408	153523.330	153524.330	153529.298	153529.616	153530.006	153530.025
480.000	500.000	980.000	1.812	58.000	168.733	3.000	47.533	21.246	1.670	20.942	47.527	290.000	153328.408	153531.907	153532.907	153536.495	153536.976	153537.266	153537.486
490.000	520.000	1010.000	2.161	51.923	129.321	4.000	48.281	17.427	5.713	16.899	48.369	270.000	153328.408	153539.632	153540.632	153543.991	153544.486	153544.756	153545.016
630.000	230.000	860.000	1.995	95.652	137.989	0.000	48.602	15.145	7.459	15.153	48.602	220.000	153328.408	153547.175	153548.175	153550.670	153551.305	153551.525	153551.545
600.000	260.000	860.000	1.083	96.154	124.059	0.000	49.032	16.806	5.802	16.811	49.032	250.000	153328.408	153553.728	153554.729	153558.868	153559.476	153559.726	153559.746
700.000	490.000	1190.000	0.918	48.980	158.031	3.000	47.477	16.079	6.822	15.791	47.469	240.000	153328.408	153601.605	153602.605	153607.285	153607.995	153608.235	153608.495
920.000	260.000	1180.000	0.495	96.154	146.997	0.000	47.982	17.772	4.838	17.774	47.982	250.000	153328.408	153610.248	153611.248	153613.602	153614.526	153614.776	153614.796
650.000	340.000	990.000	0.159	82.353	139.804	1.000	48.495	17.099	5.582	17.030	48.539	280.000	153328.408	153617.530	153618.530	153620.863	153621.515	153621.795	153621.865
430.000	350.000	780.000	0.960	91.429	119.486	1.000	47.788	16.604	6.035	16.578	47.788	320.000	153328.408	153623.636	153624.636	153627.727	153628.166	153628.486	153628.525
690.000	290.000	980.000	1.803	79.310	140.721	1.000	49.157	12.881	9.874	12.738	49.239	230.000	153328.408	153630.136	153631.136	153633.281	153633.976	153634.206	153634.276
440.000	510.000	950.000	2.625	70.588	137.011	3.000	48.251	20.771	1.907	20.706	48.253	360.000	153328.408	153636.589	153637.589	153640.843	153641.285	153641.645	153641.805
