310.000	1110.000	1420.000	0.580	18.919	40.343	10.000	38.336	19.487	25.485	6.725	35.840	210.000	132356.158	132404.007	132405.007	132409.333	132409.649	132409.859	132410.769
290.000	860.000	1150.000	0.391	30.233	50.024	4.000	36.850	18.321	21.465	10.745	36.010	260.000	132356.158	132412.333	132413.333	132417.148	132417.439	132417.699	132418.309
340.000	780.000	1120.000	0.136	58.974	71.917	2.000	36.500	17.458	16.901	15.309	37.184	460.000	132356.158	132421.301	132422.301	132427.190	132427.539	132427.999	132428.329
330.000	560.000	890.000	0.105	98.214	65.526	0.000	36.445	17.900	14.310	17.900	36.445	550.000	132356.158	132429.929	132430.929	132435.250	132435.589	132436.139	132436.159
210.000	20.000	230.000	0.898	0.000	0.000	0.000	30.223	0.000	32.210	0.000	30.223	0.000	132356.158	132437.964	132438.964	132441.130	132441.349	132441.349	132441.379
330.000	550.000	880.000	0.154	98.182	76.514	0.000	36.203	19.273	12.939	19.271	36.203	540.000	132356.158	132444.324	132445.324	132449.451	132449.790	132450.330	132450.349
340.000	650.000	990.000	0.264	46.154	58.451	2.000	36.909	17.955	21.228	10.982	35.200	300.000	132356.158	132452.221	132453.221	132455.229	132455.579	132455.879	132456.239
320.000	580.000	900.000	0.197	65.517	64.112	2.000	36.205	18.177	16.335	15.875	35.571	380.000	132356.158	132457.891	132458.891	132500.948	132501.269	132501.649	132501.859
290.000	880.000	1170.000	0.417	61.364	54.982	6.000	36.181	17.309	15.047	17.163	36.054	540.000	132356.158	132503.424	132504.424	132508.112	132508.409	132508.949	132509.299
280.000	600.000	880.000	0.266	85.000	63.501	2.000	36.324	17.682	14.901	17.309	36.233	510.000	132356.158	132511.128	132512.128	132515.174	132515.459	132515.969	132516.069
350.000	780.000	1130.000	0.057	56.410	70.424	4.000	36.837	17.547	17.172	15.038	36.325	440.000	132356.158	132517.267	132518.267	132520.492	132520.850	132521.290	132521.639
310.000	760.000	1070.000	0.088	51.316	58.883	5.000	36.620	17.534	17.433	14.777	36.334	390.000	132356.158	132524.703	132525.703	132528.060	132528.380	132528.770	132529.149
320.000	760.000	1080.000	0.010	52.632	66.062	7.000	36.484	17.911	16.254	15.956	35.956	400.000	132356.158	132531.887	132532.887	132536.343	132536.669	132537.069	132537.439
270.000	640.000	910.000	0.276	75.000	58.925	2.000	36.425	18.623	14.602	17.608	36.293	480.000	132356.158	132538.761	132539.761	132543.459	132543.739	132544.219	132544.389
250.000	680.000	930.000	0.066	66.176	59.229	2.000	36.289	18.056	16.306	15.904	35.840	450.000	132356.158	132545.929	132546.929	132549.082	132549.339	132549.789	132550.029
290.000	800.000	1090.000	0.341	65.000	63.447	4.000	35.963	17.996	15.155	17.055	35.730	520.000	132356.158	132551.868	132552.868	132556.345	132556.639	132557.160	132557.449
370.000	630.000	1000.000	0.031	61.905	67.433	2.000	36.620	17.462	16.685	15.525	36.041	390.000	132356.158	132559.258	132600.258	132602.448	132602.819	132603.209	132603.459
440.000	590.000	1030.000	0.476	98.305	67.228	0.000	36.266	17.108	15.104	17.106	36.266	580.000	132356.158	132604.913	132605.913	132608.484	132608.930	132609.510	132609.529
320.000	750.000	1070.000	0.064	64.000	71.746	5.000	36.581	17.603	15.683	16.527	36.469	480.000	132356.158	132611.083	132612.083	132616.844	132617.169	132617.649	132617.929
350.000	810.000	1160.000	0.026	38.272	60.797	4.000	36.901	19.981	18.116	14.094	35.631	310.000	132356.158	132619.217	132620.217	132623.211	132623.569	132623.879	132624.389
