390.000	830.000	1220.000	0.237	19.277	36.943	10.000	48.084	17.094	18.115	4.497	49.402	160.000	131757.672	131802.437	131803.437	131805.800	131806.199	131806.359	131807.039
330.000	1030.000	1360.000	0.124	70.874	51.450	2.000	48.194	18.073	5.508	17.104	47.930	730.000	131757.672	131814.958	131815.958	131820.924	131821.259	131821.989	131822.299
420.000	540.000	960.000	0.597	98.148	64.065	0.000	48.199	16.088	6.525	16.087	48.199	530.000	131757.672	131825.341	131826.342	131828.526	131828.949	131829.479	131829.499
380.000	930.000	1310.000	0.141	30.108	49.506	6.000	48.663	18.183	11.879	10.733	49.767	280.000	131757.672	131831.533	131832.533	131836.528	131836.909	131837.189	131837.849
360.000	570.000	930.000	0.147	50.877	51.213	4.000	48.533	18.323	10.527	12.085	48.111	290.000	131757.672	131840.908	131841.909	131844.005	131844.369	131844.659	131844.949
290.000	700.000	990.000	0.007	31.429	53.760	4.000	47.710	18.239	13.357	9.255	48.394	220.000	131757.672	131850.195	131851.195	131855.001	131855.299	131855.519	131856.009
340.000	840.000	1180.000	0.235	28.571	39.534	8.000	48.416	18.677	14.547	8.066	48.702	240.000	131757.672	131857.943	131858.943	131903.533	131903.879	131904.119	131904.729
330.000	620.000	950.000	0.613	98.387	61.909	0.000	47.921	18.516	4.097	18.515	47.921	610.000	131757.672	131914.693	131915.693	131919.587	131919.919	131920.529	131920.549
270.000	490.000	760.000	0.769	59.184	59.890	2.000	47.998	17.329	8.972	13.640	48.109	290.000	131757.672	131922.328	131923.328	131926.634	131926.909	131927.199	131927.409
340.000	1030.000	1370.000	0.361	34.951	60.058	6.000	47.168	18.520	7.667	14.946	47.968	360.000	131757.672	131932.144	131933.144	131935.326	131935.669	131936.029	131936.709
300.000	560.000	860.000	0.367	98.214	62.019	0.000	48.162	17.727	4.887	17.726	48.162	550.000	131757.672	131945.487	131946.487	131949.278	131949.579	131950.130	131950.149
290.000	450.000	740.000	1.591	97.778	64.120	0.000	48.371	15.979	6.633	15.980	48.371	440.000	131757.672	131952.051	131953.051	131955.429	131955.730	131956.170	131956.189
280.000	940.000	1220.000	0.137	14.894	63.151	8.000	48.696	20.183	15.431	7.182	48.461	140.000	131757.672	131958.943	131959.943	132002.228	132002.509	132002.649	132003.459
300.000	560.000	860.000	0.112	39.286	68.490	2.000	48.023	17.972	10.547	12.065	48.280	220.000	131757.672	132008.088	132009.088	132013.545	132013.849	132014.069	132014.419
370.000	410.000	780.000	0.068	97.561	72.451	0.000	48.433	16.545	6.066	16.546	48.433	400.000	131757.672	132016.021	132017.021	132019.284	132019.660	132020.060	132020.079
290.000	480.000	770.000	0.792	97.917	81.960	0.000	48.736	18.985	3.628	18.984	48.736	470.000	131757.672	132021.213	132022.213	132025.259	132025.559	132026.029	132026.049
300.000	540.000	840.000	0.235	98.148	65.572	0.000	48.176	18.020	4.593	18.019	48.176	530.000	131757.672	132027.443	132028.443	132032.039	132032.349	132032.879	132032.899
290.000	600.000	890.000	0.467	83.333	84.778	2.000	48.331	18.875	3.903	18.709	48.284	500.000	131757.672	132034.610	132035.610	132039.977	132040.269	132040.769	132040.880
330.000	780.000	1110.000	0.651	19.231	71.138	6.000	47.719	17.517	13.321	9.291	47.821	150.000	131757.672	132048.838	132049.838	132053.337	132053.669	132053.819	132054.459
460.000	530.000	990.000	0.594	98.113	72.205	0.000	48.490	18.676	3.939	18.673	48.490	520.000	131757.672	132055.722	132056.722	132059.144	132059.609	132060.130	132100.149
