370.000	1060.000	1430.000	0.211	12.264	34.850	14.000	37.612	21.125	30.497	3.393	33.646	130.000	120316.644	120333.474	120334.474	120338.951	120339.323	120339.453	120340.393
320.000	1110.000	1430.000	0.014	25.225	57.402	9.000	37.998	22.811	21.908	11.982	36.721	280.000	120316.644	120344.553	120345.553	120348.889	120349.213	120349.493	120350.334
340.000	1080.000	1420.000	0.173	70.370	61.364	4.000	37.199	22.174	12.187	21.704	37.412	760.000	120316.644	120352.387	120353.387	120357.763	120358.113	120358.873	120359.203
400.000	930.000	1330.000	0.146	70.968	67.077	2.000	37.961	22.945	11.721	22.169	37.924	660.000	120316.644	120401.438	120402.438	120404.900	120405.303	120405.963	120406.243
310.000	940.000	1250.000	0.200	68.085	66.420	5.000	37.098	22.207	12.058	21.832	37.347	640.000	120316.644	120408.319	120409.319	120413.297	120413.613	120414.253	120414.563
320.000	1060.000	1380.000	0.093	26.415	60.471	8.000	37.587	22.845	20.655	13.235	35.633	280.000	120316.644	120416.798	120417.798	120421.892	120422.213	120422.493	120423.284
310.000	940.000	1250.000	0.093	64.894	71.773	4.000	37.081	22.177	12.799	21.091	36.894	610.000	120316.644	120425.416	120426.416	120429.208	120429.523	120430.133	120430.473
290.000	870.000	1160.000	0.093	72.414	72.768	2.000	36.691	22.420	12.272	21.618	36.763	630.000	120316.644	120432.477	120433.477	120435.615	120435.913	120436.543	120436.793
340.000	1020.000	1360.000	0.067	75.490	55.658	4.000	37.545	21.908	12.920	20.970	37.405	770.000	120316.644	120438.838	120439.838	120443.663	120444.004	120444.774	120445.033
370.000	560.000	930.000	0.650	98.214	78.800	0.000	36.697	20.957	12.935	20.955	36.697	550.000	120316.644	120446.743	120447.743	120452.676	120453.053	120453.603	120453.623
310.000	950.000	1260.000	0.217	76.842	66.024	2.000	38.081	23.343	11.293	22.597	37.492	730.000	120316.644	120455.828	120456.828	120500.918	120501.234	120501.964	120502.193
290.000	930.000	1220.000	0.479	72.043	69.280	4.000	37.347	22.681	12.828	21.062	37.188	670.000	120316.644	120504.185	120505.185	120508.518	120508.813	120509.483	120509.753
270.000	1160.000	1430.000	0.129	52.586	66.183	8.000	36.696	22.224	13.079	20.811	36.231	610.000	120316.644	120512.073	120513.073	120516.336	120516.614	120517.223	120517.784
310.000	1010.000	1320.000	0.475	66.337	66.832	4.000	37.622	22.311	12.742	21.148	37.657	670.000	120316.644	120519.718	120520.718	120523.615	120523.933	120524.603	120524.953
320.000	1040.000	1360.000	0.075	55.769	62.535	7.000	37.257	22.122	13.966	19.924	35.891	580.000	120316.644	120527.024	120528.024	120530.194	120530.523	120531.103	120531.573
260.000	1110.000	1370.000	0.315	63.964	70.421	7.000	37.512	22.188	12.227	21.664	37.615	710.000	120316.644	120533.640	120534.640	120537.039	120537.303	120538.013	120538.423
270.000	930.000	1200.000	0.173	70.968	56.520	4.000	36.751	22.422	13.358	20.532	36.480	660.000	120316.644	120540.245	120541.245	120544.503	120544.783	120545.443	120545.723
320.000	1040.000	1360.000	0.475	24.038	65.633	4.000	37.180	22.526	20.352	13.539	34.445	250.000	120316.644	120547.679	120548.679	120552.360	120552.684	120552.934	120553.734
280.000	680.000	960.000	0.111	98.529	71.188	0.000	36.900	22.179	11.713	22.177	36.900	670.000	120316.644	120555.470	120556.470	120559.861	120600.143	120600.813	120600.833
290.000	900.000	1190.000	0.075	80.000	61.063	2.000	36.709	22.247	11.999	21.892	36.781	720.000	120316.644	120602.633	120603.633	120607.761	120608.053	120608.773	120608.963
