340.000	1010.000	1350.000	0.027	58.416	63.371	7.000	47.828	22.711	2.261	20.680	48.488	590.000	115645.366	115701.009	115702.009	115706.455	115706.803	115707.394	115707.823
300.000	1130.000	1430.000	0.397	20.354	64.963	10.000	48.321	23.479	6.552	11.866	50.796	230.000	115645.366	115710.963	115711.963	115715.816	115716.123	115716.353	115717.263
330.000	840.000	1170.000	0.170	88.095	71.521	2.000	47.302	22.498	3.976	22.395	47.341	740.000	115645.366	115720.208	115721.208	115724.965	115725.303	115726.043	115726.154
290.000	1030.000	1320.000	0.063	28.155	63.656	7.000	47.653	22.451	3.230	15.188	48.284	290.000	115645.366	115728.922	115729.922	115733.418	115733.713	115734.003	115734.753
310.000	950.000	1260.000	0.024	61.053	77.967	4.000	49.749	24.609	4.887	23.305	49.223	580.000	115645.366	115737.286	115738.286	115743.192	115743.504	115744.084	115744.464
290.000	920.000	1210.000	0.076	72.826	64.396	4.000	47.340	22.816	3.164	21.583	47.389	670.000	115645.366	115746.948	115747.948	115751.285	115751.583	115752.253	115752.513
260.000	1170.000	1430.000	0.063	23.077	72.159	9.000	47.955	23.053	3.148	15.270	48.612	270.000	115645.366	115754.785	115755.785	115759.345	115759.614	115759.883	115800.794
280.000	890.000	1170.000	0.084	39.326	54.423	4.000	47.818	22.161	3.175	15.244	48.811	350.000	115645.366	115803.245	115804.245	115808.495	115808.783	115809.133	115809.683
240.000	1180.000	1420.000	0.087	53.390	68.922	6.000	48.005	23.246	3.818	22.237	48.394	630.000	115645.366	115811.970	115812.970	115815.377	115815.623	115816.253	115816.814
260.000	1170.000	1430.000	0.149	67.521	65.306	5.000	48.702	23.610	4.502	22.920	48.564	790.000	115645.366	115818.918	115819.918	115822.972	115823.233	115824.023	115824.413
270.000	910.000	1180.000	0.017	71.429	61.535	2.000	47.510	22.423	2.998	21.417	47.515	650.000	115645.366	115826.853	115827.853	115830.529	115830.804	115831.454	115831.723
250.000	790.000	1040.000	0.057	91.139	66.933	2.000	47.728	22.873	4.344	22.762	47.802	720.000	115645.366	115834.963	115835.964	115838.946	115839.203	115839.923	115840.003
290.000	940.000	1230.000	0.026	21.277	60.625	8.000	47.653	22.448	9.121	9.298	48.173	200.000	115645.366	115842.191	115843.191	115846.527	115846.823	115847.023	115847.773
290.000	950.000	1240.000	0.007	74.737	61.720	6.000	47.844	22.510	3.538	21.956	48.265	710.000	115645.366	115849.811	115850.811	115854.179	115854.474	115855.184	115855.433
270.000	930.000	1200.000	0.178	74.194	64.155	4.000	47.849	22.990	3.964	22.383	47.857	690.000	115645.366	115857.419	115858.419	115902.451	115902.723	115903.413	115903.663
310.000	990.000	1300.000	0.142	58.586	60.719	4.000	47.828	22.578	1.020	19.438	47.861	580.000	115645.366	115905.783	115906.783	115911.216	115911.534	115912.114	115912.533
270.000	1160.000	1430.000	0.015	20.690	52.923	10.000	48.017	22.528	7.939	10.480	49.240	240.000	115645.366	115914.480	115915.480	115919.613	115919.893	115920.133	115921.063
380.000	1050.000	1430.000	0.166	24.762	62.679	6.000	47.864	22.399	5.383	13.035	50.567	260.000	115645.366	115923.040	115924.040	115928.239	115928.624	115928.884	115929.684
240.000	1110.000	1350.000	0.059	27.928	48.700	4.000	48.222	22.726	5.950	12.468	50.617	310.000	115645.366	115931.894	115932.894	115937.615	115937.864	115938.174	115938.983
270.000	1160.000	1430.000	0.295	75.862	58.561	4.000	47.516	23.264	3.730	22.149	47.362	880.000	115645.366	115941.139	115942.139	115947.027	115947.304	115948.184	115948.473
