310.000	420.000	730.000	5.832	97.619	119.096	0.000	41.755	27.559	6.328	27.562	41.755	410.000	144156.811	144201.913	144202.913	144205.804	144206.124	144206.534	144206.554
360.000	340.000	700.000	6.378	97.059	152.593	0.000	41.431	27.717	6.170	27.720	41.431	330.000	144156.811	144211.407	144212.407	144216.686	144217.053	144217.383	144217.403
300.000	430.000	730.000	5.318	97.674	119.525	0.000	41.485	25.328	8.561	25.329	41.485	420.000	144156.811	144225.779	144226.779	144230.001	144230.304	144230.724	144230.744
340.000	880.000	1220.000	0.910	48.864	109.034	4.000	41.608	26.018	11.064	22.826	41.097	430.000	144156.811	144237.826	144238.826	144242.611	144242.954	144243.384	144243.844
280.000	420.000	700.000	3.427	85.714	142.314	1.000	41.104	21.980	11.942	21.949	41.082	360.000	144156.811	144249.974	144250.974	144253.078	144253.363	144253.723	144253.793
290.000	360.000	650.000	3.285	97.222	122.361	0.000	40.409	23.217	10.670	23.220	40.409	350.000	144156.811	144259.682	144300.682	144303.136	144303.434	144303.784	144303.804
260.000	630.000	890.000	3.080	55.556	74.061	2.000	39.719	23.631	16.004	17.886	41.242	350.000	144156.811	144309.726	144310.726	144313.646	144313.913	144314.264	144314.554
320.000	570.000	890.000	2.805	71.930	97.114	2.000	38.999	24.949	10.571	23.319	39.904	410.000	144156.811	144319.863	144320.863	144325.412	144325.733	144326.143	144326.313
360.000	400.000	760.000	3.256	92.500	139.839	1.000	41.161	22.485	11.421	22.470	41.161	370.000	144156.811	144331.628	144332.628	144337.186	144337.554	144337.924	144337.964
270.000	450.000	720.000	2.358	97.778	98.275	0.000	39.698	21.990	11.902	21.988	39.698	440.000	144156.811	144342.784	144343.784	144348.182	144348.453	144348.893	144348.913
360.000	370.000	730.000	3.718	97.297	119.325	0.000	42.191	22.732	11.155	22.735	42.191	360.000	144156.811	144353.320	144354.320	144358.962	144359.324	144359.684	144359.703
350.000	440.000	790.000	2.912	97.727	112.196	0.000	40.101	22.409	11.483	22.407	40.101	430.000	144156.811	144405.175	144406.175	144409.582	144409.935	144410.365	144410.384
430.000	810.000	1240.000	2.271	50.617	98.391	4.000	37.382	25.963	10.009	23.882	37.283	410.000	144156.811	144416.502	144417.501	144421.316	144421.753	144422.163	144422.573
370.000	590.000	960.000	2.103	71.186	101.327	2.000	37.079	26.014	8.997	24.894	37.062	420.000	144156.811	144426.847	144427.847	144430.112	144430.485	144430.905	144431.084
290.000	370.000	660.000	0.604	97.297	96.224	0.000	36.964	20.010	13.877	20.013	36.964	360.000	144156.811	144433.968	144434.967	144437.986	144438.283	144438.643	144438.663
280.000	380.000	660.000	0.733	97.368	109.895	0.000	38.106	21.915	11.974	21.916	38.106	370.000	144156.811	144443.736	144444.736	144447.294	144447.584	144447.954	144447.974
300.000	400.000	700.000	0.084	95.000	117.740	1.000	38.159	19.873	14.023	19.867	38.159	380.000	144156.811	144454.855	144455.855	144458.858	144459.163	144459.543	144459.573
290.000	520.000	810.000	1.102	92.308	108.933	1.000	37.720	23.166	10.753	23.138	37.738	480.000	144156.811	144503.350	144504.350	144506.576	144506.874	144507.354	144507.404
290.000	640.000	930.000	1.065	59.375	88.936	2.000	38.031	23.028	15.196	18.694	39.108	380.000	144156.811	144512.359	144513.359	144516.384	144516.684	144517.063	144517.334
310.000	640.000	950.000	1.391	59.375	84.646	4.000	38.029	23.776	13.343	20.547	39.823	380.000	144156.811	144521.582	144522.582	144526.883	144527.193	144527.573	144527.843
