300.000	650.000	950.000	1.034	87.692	80.389	2.000	50.644	21.578	3.132	21.550	50.628	570.000	144815.000	144822.590	144823.590	144828.304	144828.614	144829.184	144829.274
240.000	460.000	700.000	2.815	97.826	111.282	0.000	50.216	25.823	7.407	25.826	50.216	450.000	144815.000	144832.773	144833.773	144836.168	144836.414	144836.864	144836.884
290.000	500.000	790.000	1.059	98.000	81.979	0.000	49.485	23.353	4.939	23.357	49.485	490.000	144815.000	144840.630	144841.630	144844.665	144844.963	144845.453	144845.473
250.000	480.000	730.000	1.678	64.583	87.607	2.000	48.267	24.360	1.003	19.422	49.138	310.000	144815.000	144849.279	144850.279	144852.727	144852.984	144853.294	144853.474
340.000	620.000	960.000	0.424	74.194	101.327	3.000	49.098	22.625	3.961	22.380	49.100	460.000	144815.000	144857.735	144858.735	144903.707	144904.054	144904.514	144904.684
310.000	620.000	930.000	1.040	98.387	80.856	0.000	48.510	24.259	5.838	24.256	48.510	610.000	144815.000	144907.734	144908.734	144913.457	144913.774	144914.384	144914.403
330.000	720.000	1050.000	0.649	61.111	84.898	2.000	48.277	24.683	3.173	21.592	49.879	440.000	144815.000	144918.814	144919.814	144923.026	144923.364	144923.804	144924.094
300.000	710.000	1010.000	0.935	57.746	72.358	4.000	48.397	23.747	0.801	19.219	51.101	410.000	144815.000	144927.356	144928.356	144933.221	144933.523	144933.933	144934.243
270.000	570.000	840.000	1.527	61.404	97.951	2.000	48.265	24.280	3.067	21.485	49.395	350.000	144815.000	144937.760	144938.761	144942.530	144942.804	144943.154	144943.384
310.000	630.000	940.000	1.059	63.492	90.879	2.000	48.446	24.342	4.304	22.723	49.419	400.000	144815.000	144946.563	144947.563	144951.165	144951.483	144951.883	144952.123
260.000	470.000	730.000	2.356	97.872	85.370	0.000	49.014	24.372	5.957	24.375	49.014	460.000	144815.000	144956.125	144957.125	145000.571	145000.834	145001.294	145001.314
310.000	490.000	800.000	1.029	97.959	89.448	0.000	47.761	23.509	5.088	23.506	47.761	480.000	144815.000	145005.439	145006.439	145011.204	145011.523	145012.003	145012.023
300.000	700.000	1000.000	0.469	77.143	83.907	4.000	47.522	22.783	4.306	22.725	47.506	540.000	144815.000	145015.900	145016.900	145019.761	145020.064	145020.604	145020.774
310.000	540.000	850.000	0.145	48.148	86.178	2.000	48.321	23.055	3.141	15.278	48.834	260.000	144815.000	145024.969	145025.969	145028.633	145028.953	145029.213	145029.503
280.000	450.000	730.000	1.446	97.778	91.378	0.000	48.135	21.226	2.810	21.228	48.135	440.000	144815.000	145034.607	145035.607	145039.506	145039.794	145040.234	145040.254
290.000	450.000	740.000	0.454	97.778	94.170	0.000	47.651	22.922	4.504	22.923	47.651	440.000	144815.000	145043.900	145044.900	145049.820	145050.114	145050.554	145050.574
320.000	510.000	830.000	0.104	37.255	86.750	3.000	49.223	21.728	4.607	13.811	49.315	190.000	144815.000	145055.556	145056.556	145100.502	145100.823	145101.013	145101.343
310.000	680.000	990.000	0.527	48.529	70.585	2.000	47.373	23.101	1.107	17.312	49.948	330.000	144815.000	145107.228	145108.228	145111.691	145112.004	145112.334	145112.694
340.000	620.000	960.000	1.001	82.258	77.102	2.000	47.967	21.220	2.223	20.641	48.182	510.000	144815.000	145118.170	145119.171	145123.066	145123.413	145123.923	145124.043
350.000	460.000	810.000	0.879	97.826	100.943	0.000	48.203	23.406	4.987	23.405	48.203	450.000	144815.000	145128.784	145129.784	145133.750	145134.104	145134.554	145134.573
