340.000	1090.000	1430.000	0.121	13.761	45.018	12.000	37.572	21.299	27.982	5.908	34.783	150.000	85918.470	85926.143	85927.143	85929.364	85929.704	85929.854	85930.804
310.000	540.000	850.000	0.269	98.148	83.813	0.000	36.383	21.910	11.982	21.908	36.383	530.000	85918.470	85933.748	85934.748	85937.198	85937.514	85938.044	85938.064
320.000	730.000	1050.000	0.228	38.356	62.713	2.000	36.990	22.152	20.382	13.508	34.830	280.000	85918.470	85945.466	85946.466	85950.674	85951.004	85951.284	85951.744
340.000	650.000	990.000	0.004	98.462	69.129	0.000	36.768	22.569	11.324	22.566	36.768	640.000	85918.470	85954.290	85955.290	85957.939	85958.284	85958.924	85958.944
300.000	1130.000	1430.000	0.200	69.912	68.308	2.000	35.639	23.339	11.239	22.651	35.800	790.000	85918.470	90007.251	90008.251	90010.754	90011.064	90011.854	90012.204
330.000	990.000	1320.000	0.351	92.929	61.879	2.000	37.109	22.435	11.472	22.418	37.085	920.000	85918.470	90015.124	90016.124	90021.124	90021.455	90022.375	90022.454
340.000	860.000	1200.000	0.350	75.581	64.842	2.000	36.291	22.572	12.039	21.852	36.184	650.000	85918.470	90025.162	90026.162	90030.803	90031.144	90031.794	90032.014
310.000	1120.000	1430.000	0.193	23.214	55.695	7.000	36.781	22.785	23.067	10.823	33.759	260.000	85918.470	90034.116	90035.116	90038.580	90038.895	90039.155	90040.024
350.000	1080.000	1430.000	0.413	82.407	55.067	2.000	37.194	22.244	12.286	21.604	37.290	890.000	85918.470	90042.135	90043.135	90046.246	90046.604	90047.494	90047.694
300.000	1130.000	1430.000	0.059	23.009	47.881	8.000	36.450	22.828	24.173	9.717	34.389	260.000	85918.470	90050.584	90051.584	90055.201	90055.505	90055.765	90056.645
340.000	1090.000	1430.000	0.315	27.523	41.980	9.000	36.991	22.342	24.044	9.846	33.707	300.000	85918.470	90058.811	90059.811	90104.720	90105.065	90105.365	90106.164
350.000	1080.000	1430.000	0.378	21.296	45.437	6.000	36.389	21.965	25.618	8.272	33.103	230.000	85918.470	90108.272	90109.272	90112.178	90112.535	90112.765	90113.625
340.000	1090.000	1430.000	0.004	68.807	43.057	6.000	36.695	21.918	14.245	19.645	36.124	750.000	85918.470	90116.037	90117.037	90119.834	90120.184	90120.934	90121.284
310.000	960.000	1270.000	0.075	98.958	53.829	0.000	36.721	22.351	11.542	22.349	36.721	950.000	85918.470	90126.259	90127.259	90129.804	90130.125	90131.075	90131.095
340.000	1060.000	1400.000	0.182	83.962	57.169	4.000	36.798	22.319	11.762	22.128	36.900	890.000	85918.470	90133.311	90134.311	90136.341	90136.684	90137.574	90137.754
290.000	970.000	1260.000	0.217	44.330	65.730	4.000	36.328	22.603	16.455	17.435	34.962	430.000	85918.470	90139.703	90140.703	90143.506	90143.804	90144.234	90144.784
290.000	770.000	1060.000	0.147	33.766	54.371	4.000	36.690	22.251	22.919	10.971	33.731	260.000	85918.470	90146.762	90147.763	90149.864	90150.164	90150.424	90150.944
260.000	1130.000	1390.000	0.378	28.319	69.245	6.000	36.971	22.799	18.651	15.240	35.451	320.000	85918.470	90153.148	90154.148	90156.575	90156.844	90157.164	90157.984
300.000	1090.000	1390.000	0.102	30.275	49.418	6.000	36.406	22.606	20.960	12.930	34.017	330.000	85918.470	90200.200	90201.200	90204.742	90205.045	90205.375	90206.145
280.000	800.000	1080.000	0.200	97.500	62.958	1.000	36.286	22.458	11.438	22.452	36.286	780.000	85918.470	90208.273	90209.273	90213.343	90213.624	90214.404	90214.434
