550.000	880.000	1430.000	0.391	17.045	75.008	6.000	50.111	21.549	8.893	9.525	50.817	150.000	85357.793	85402.500	85403.500	85405.835	85406.394	85406.544	85407.284
30.000	340.000	370.000	7.169	52.941	9.824	2.000	51.350	1.991	17.387	1.031	50.778	180.000	85357.793	85409.891	85410.891	85413.652	85413.852	85414.032	85414.195
380.000	1050.000	1430.000	0.064	62.857	67.889	5.000	48.160	23.923	4.768	23.186	48.215	660.000	85357.793	85417.402	85418.402	85420.714	85421.104	85421.764	85422.164
330.000	1100.000	1430.000	0.234	53.636	68.983	3.000	48.217	22.700	2.126	20.544	48.717	590.000	85357.793	85424.339	85425.339	85427.988	85428.324	85428.914	85429.435
300.000	1130.000	1430.000	0.003	56.637	67.053	8.000	48.317	23.203	3.810	22.228	48.778	640.000	85357.793	85431.997	85432.996	85435.420	85435.724	85436.364	85436.864
390.000	900.000	1290.000	0.279	77.778	71.832	2.000	47.674	23.227	3.845	22.263	47.820	700.000	85357.793	85438.834	85439.834	85444.529	85444.924	85445.624	85445.834
320.000	500.000	820.000	0.327	98.000	82.127	0.000	48.287	22.375	3.957	22.376	48.287	490.000	85357.793	85447.743	85448.744	85452.348	85452.674	85453.164	85453.184
310.000	930.000	1240.000	0.077	20.430	70.122	6.000	47.853	22.755	7.494	10.925	47.734	190.000	85357.793	85455.011	85456.011	85458.486	85458.804	85458.994	85459.744
340.000	1090.000	1430.000	0.126	20.183	61.391	10.000	47.765	22.519	8.058	10.361	47.766	220.000	85357.793	85501.924	85502.924	85507.690	85508.034	85508.254	85509.134
300.000	1130.000	1430.000	0.029	33.628	71.067	8.000	47.867	22.602	0.460	18.879	47.623	380.000	85357.793	85511.002	85512.002	85514.563	85514.864	85515.244	85516.004
320.000	1110.000	1430.000	0.005	18.919	72.373	6.000	48.916	23.726	6.673	11.745	49.090	210.000	85357.793	85517.571	85518.571	85523.125	85523.455	85523.665	85524.575
320.000	660.000	980.000	0.800	36.364	67.434	2.000	48.634	21.734	6.197	12.222	49.407	240.000	85357.793	85527.125	85528.125	85532.578	85532.904	85533.144	85533.574
330.000	830.000	1160.000	0.022	28.916	66.715	8.000	47.873	22.368	5.416	13.002	48.402	240.000	85357.793	85536.609	85537.609	85540.855	85541.195	85541.435	85542.035
330.000	1000.000	1330.000	0.037	21.000	54.355	8.000	47.946	22.770	8.918	9.501	48.270	210.000	85357.793	85543.915	85544.915	85549.848	85550.185	85550.395	85551.194
340.000	1010.000	1350.000	0.198	25.743	54.314	8.000	47.757	22.869	7.367	11.052	48.774	260.000	85357.793	85553.107	85554.107	85556.651	85556.995	85557.254	85558.015
300.000	980.000	1280.000	0.373	22.449	51.007	6.000	47.899	22.913	9.589	8.829	48.501	220.000	85357.793	85600.635	85601.635	85604.498	85604.804	85605.024	85605.794
320.000	1110.000	1430.000	0.120	22.523	48.733	8.000	47.694	22.493	8.159	10.259	48.690	250.000	85357.793	85608.048	85609.048	85611.574	85611.904	85612.154	85613.024
300.000	980.000	1280.000	0.300	22.449	62.434	6.000	48.127	22.072	7.815	10.604	48.601	220.000	85357.793	85615.600	85616.600	85620.438	85620.744	85620.964	85621.734
280.000	1090.000	1370.000	0.076	45.872	59.040	8.000	47.607	23.066	1.103	19.521	47.898	500.000	85357.793	85624.078	85625.078	85627.708	85627.994	85628.494	85629.094
320.000	1070.000	1390.000	0.014	17.757	60.421	8.000	47.740	22.906	9.441	8.977	48.441	190.000	85357.793	85630.916	85631.917	85635.344	85635.674	85635.864	85636.754
