430.000	930.000	1360.000	0.052	37.634	77.753	7.000	36.233	18.587	18.586	13.624	35.901	350.000	202125.334	202133.282	202134.282	202139.151	202139.586	202139.936	202140.526
420.000	850.000	1270.000	0.126	37.647	111.845	8.000	36.889	18.145	15.411	16.799	35.891	320.000	202125.334	202143.296	202144.296	202147.536	202147.966	202148.286	202148.826
420.000	680.000	1100.000	0.031	57.353	116.244	4.000	35.166	22.490	12.659	19.551	35.986	390.000	202125.334	202150.863	202151.863	202155.611	202156.036	202156.426	202156.726
400.000	250.000	650.000	1.060	96.000	121.629	0.000	35.922	15.853	16.352	15.858	35.922	240.000	202125.334	202159.073	202200.073	202202.820	202203.226	202203.465	202203.486
310.000	840.000	1150.000	0.012	30.952	105.474	8.000	36.839	20.342	16.584	15.626	36.180	260.000	202125.334	202206.686	202207.686	202210.752	202211.066	202211.326	202211.916
440.000	990.000	1430.000	0.007	26.263	135.504	10.000	36.827	20.727	17.622	14.588	35.721	260.000	202125.334	202213.738	202214.738	202218.940	202219.386	202219.646	202220.386
490.000	730.000	1220.000	0.227	34.247	128.576	7.000	37.882	25.306	12.229	19.981	37.217	250.000	202125.334	202222.655	202223.655	202227.315	202227.806	202228.056	202228.546
400.000	520.000	920.000	0.258	63.462	84.412	2.000	36.256	18.042	17.157	15.053	36.131	330.000	202125.334	202233.458	202234.458	202238.304	202238.706	202239.036	202239.236
450.000	740.000	1190.000	0.267	45.946	85.292	5.000	36.054	17.489	18.591	13.619	35.456	340.000	202125.334	202242.806	202243.806	202248.490	202248.946	202249.286	202249.696
390.000	540.000	930.000	0.499	62.963	89.834	3.000	37.229	17.725	16.596	15.614	37.246	340.000	202125.334	202253.786	202254.786	202259.008	202259.406	202259.746	202299.956
410.000	380.000	790.000	0.520	97.368	104.087	0.000	36.281	17.156	15.056	17.154	36.281	370.000	202125.334	202302.672	202303.672	202306.408	202306.826	202307.196	202307.216
350.000	650.000	1000.000	0.136	58.462	88.637	2.000	36.511	17.951	16.736	15.474	35.691	380.000	202125.334	202310.254	202311.253	202314.589	202314.946	202315.326	202315.606
310.000	590.000	900.000	0.226	61.017	96.438	2.000	36.278	17.878	15.848	16.362	36.386	360.000	202125.334	202318.526	202319.526	202322.610	202322.926	202323.286	202323.526
380.000	900.000	1280.000	0.367	42.222	89.121	6.000	35.177	18.363	15.574	16.636	34.570	380.000	202125.334	202326.845	202327.845	202332.249	202332.636	202333.016	202333.546
370.000	510.000	880.000	0.185	68.627	92.265	2.000	36.112	18.336	16.305	15.905	35.963	350.000	202125.334	202335.976	202336.976	202341.368	202341.746	202342.096	202342.266
330.000	290.000	620.000	0.984	96.552	119.997	0.000	37.252	17.866	14.337	17.873	37.252	280.000	202125.334	202345.070	202346.070	202349.807	202350.146	202350.426	202350.446
330.000	360.000	690.000	0.696	97.222	98.747	0.000	35.456	16.632	15.579	16.631	35.456	350.000	202125.334	202353.465	202354.465	202357.428	202357.766	202358.116	202358.136
380.000	850.000	1230.000	0.149	43.529	109.102	5.000	38.195	23.176	12.118	20.092	37.608	370.000	202125.334	202401.637	202402.637	202406.573	202406.956	202407.326	202407.816
350.000	620.000	970.000	0.036	54.839	91.052	4.000	36.472	17.704	16.852	15.358	36.669	340.000	202125.334	202410.347	202411.347	202415.812	202416.166	202416.506	202416.796
420.000	800.000	1220.000	0.107	36.250	120.537	5.000	36.942	16.862	17.189	15.021	37.238	290.000	202125.334	202419.386	202420.386	202422.418	202422.845	202423.136	202423.656
