370.000	1040.000	1410.000	0.413	23.077	39.464	10.000	48.304	18.640	15.218	7.394	48.980	240.000	202652.956	202703.411	202704.411	202707.311	202707.686	202707.926	202708.736
370.000	1060.000	1430.000	0.368	44.340	75.157	10.000	48.551	18.158	5.715	16.898	49.432	470.000	202652.956	202711.958	202712.958	202716.489	202716.866	202717.335	202717.935
320.000	520.000	840.000	0.235	59.615	64.886	2.000	47.672	18.559	8.027	14.585	48.288	310.000	202652.956	202722.833	202723.833	202728.211	202728.536	202728.846	202729.066
350.000	1040.000	1390.000	0.386	40.385	53.875	7.000	47.262	17.890	7.763	14.849	48.154	420.000	202652.956	202732.179	202733.179	202736.968	202737.326	202737.746	202738.376
340.000	1090.000	1430.000	0.758	13.761	73.183	7.000	47.129	20.779	14.263	8.349	48.090	150.000	202652.956	202740.736	202741.736	202745.361	202745.706	202745.856	202746.806
320.000	450.000	770.000	0.014	40.000	73.188	2.000	48.101	18.268	11.644	10.969	47.732	180.000	202652.956	202749.253	202750.253	202752.812	202753.137	202753.317	202753.596
300.000	1090.000	1390.000	0.407	33.028	77.973	10.000	47.830	17.761	8.326	14.286	48.459	360.000	202652.956	202755.998	202756.998	202800.055	202800.356	202800.716	202801.456
330.000	490.000	820.000	0.656	97.959	74.069	0.000	47.571	17.900	4.711	17.901	47.571	480.000	202652.956	202803.303	202804.303	202806.625	202806.957	202807.437	202807.456
300.000	1050.000	1350.000	0.031	52.381	82.185	5.000	49.311	22.452	2.033	20.579	48.927	550.000	202652.956	202809.397	202810.397	202812.930	202813.236	202813.786	202814.296
290.000	780.000	1070.000	0.231	44.872	80.659	4.000	48.080	17.951	7.837	14.776	48.348	350.000	202652.956	202817.630	202818.630	202821.890	202822.186	202822.536	202822.976
320.000	700.000	1020.000	0.219	54.286	96.862	4.000	48.045	17.734	6.199	16.413	48.532	380.000	202652.956	202825.887	202826.888	202829.078	202829.406	202829.786	202830.116
380.000	1040.000	1420.000	0.097	35.577	88.141	6.000	48.817	17.581	6.536	16.076	48.156	370.000	202652.956	202832.786	202833.786	202838.596	202838.987	202839.357	202840.036
330.000	880.000	1210.000	0.844	62.500	77.622	2.000	48.640	22.312	2.741	19.871	48.715	550.000	202652.956	202842.515	202843.514	202847.363	202847.697	202848.247	202848.586
580.000	850.000	1430.000	0.602	41.176	44.605	4.000	48.007	18.886	11.218	11.394	47.850	350.000	202652.956	202851.149	202852.149	202855.033	202855.616	202855.966	202856.476
310.000	980.000	1290.000	0.510	37.755	63.422	6.000	47.961	18.160	8.743	13.869	47.746	370.000	202652.956	202900.502	202901.502	202905.110	202905.426	202905.796	202906.416
290.000	920.000	1210.000	0.518	65.217	61.032	2.000	49.028	21.757	2.890	19.722	48.695	600.000	202652.956	202908.814	202909.814	202913.755	202914.046	202914.646	202914.976
300.000	750.000	1050.000	0.111	54.667	77.542	2.000	47.977	18.356	6.390	16.222	48.738	410.000	202652.956	202917.208	202918.208	202921.583	202921.886	202922.296	202922.646
300.000	910.000	1210.000	0.091	41.758	54.705	4.000	47.690	18.495	8.717	13.895	48.326	380.000	202652.956	202925.888	202926.888	202930.951	202931.256	202931.636	202932.176
360.000	730.000	1090.000	0.072	52.055	58.687	2.000	47.644	18.255	7.670	14.942	48.246	380.000	202652.956	202935.333	202936.332	202938.411	202938.777	202939.157	202939.516
300.000	710.000	1010.000	0.136	98.592	60.212	0.000	48.209	18.295	4.318	18.294	48.209	700.000	202652.956	202942.240	202943.240	202946.682	202946.986	202947.686	202947.706
