350.000	760.000	1110.000	2.659	23.684	40.459	6.000	40.898	19.109	28.900	4.991	35.856	180.000	64317.980	64335.525	64336.524	64339.323	64339.677	64339.857	64340.448
430.000	540.000	970.000	0.960	27.778	88.837	4.000	38.726	22.004	23.256	10.634	35.741	150.000	64317.980	64343.298	64344.298	64348.714	64349.148	64349.298	64349.698
360.000	520.000	880.000	1.675	82.692	106.665	2.000	38.812	23.085	11.042	22.848	38.866	430.000	64317.980	64352.123	64353.123	64357.328	64357.697	64358.127	64358.228
400.000	470.000	870.000	0.745	82.979	88.093	1.000	37.025	18.110	15.997	17.894	37.086	390.000	64317.980	64400.963	64401.963	64406.872	64407.278	64407.668	64407.758
350.000	550.000	900.000	1.645	41.818	88.656	3.000	38.307	23.569	17.759	16.132	36.916	230.000	64317.980	64409.795	64410.795	64414.980	64415.337	64415.567	64415.897
350.000	460.000	810.000	0.039	47.826	81.868	2.000	38.208	18.132	20.160	13.730	37.443	220.000	64317.980	64418.974	64419.974	64424.031	64424.388	64424.608	64424.858
380.000	540.000	920.000	1.133	79.630	99.719	2.000	37.978	23.114	11.037	22.853	38.041	430.000	64317.980	64427.407	64428.407	64431.126	64431.507	64431.937	64432.057
370.000	330.000	700.000	0.592	96.970	107.317	0.000	37.031	20.557	13.328	20.562	37.031	320.000	64317.980	64434.183	64435.183	64437.663	64438.038	64438.358	64438.378
310.000	370.000	680.000	0.254	97.297	102.516	0.000	36.804	22.297	11.591	22.299	36.804	360.000	64317.980	64441.005	64442.005	64444.071	64444.388	64444.748	64444.768
370.000	480.000	850.000	1.059	87.500	110.283	1.000	37.409	23.857	10.056	23.834	37.427	420.000	64317.980	64446.314	64447.314	64451.196	64451.567	64451.988	64452.058
360.000	690.000	1050.000	0.179	63.768	90.847	2.000	36.882	21.024	14.060	19.830	36.417	440.000	64317.980	64454.150	64455.150	64458.950	64459.318	64459.758	64500.018
340.000	490.000	830.000	0.602	42.857	97.793	3.000	37.220	22.606	17.571	16.319	36.334	210.000	64317.980	64503.196	64504.195	64508.556	64508.897	64509.107	64509.397
310.000	570.000	880.000	0.511	40.351	86.506	3.000	37.313	22.244	18.346	15.545	36.141	230.000	64317.980	64512.076	64513.076	64518.058	64518.378	64518.608	64518.958
340.000	560.000	900.000	1.248	96.429	99.661	1.000	37.865	23.298	10.600	23.290	37.865	540.000	64317.980	64522.028	64523.028	64525.480	64525.827	64526.368	64526.397
390.000	490.000	880.000	1.230	93.878	103.428	1.000	38.254	22.494	11.408	22.482	38.254	460.000	64317.980	64528.950	64529.950	64532.661	64533.058	64533.518	64533.558
380.000	400.000	780.000	0.574	50.000	94.377	2.000	36.521	22.197	19.059	14.831	35.106	200.000	64317.980	64536.140	64537.140	64539.260	64539.647	64539.847	64540.057
290.000	630.000	920.000	1.969	98.413	81.793	0.000	38.761	22.962	10.929	22.962	38.761	620.000	64317.980	64542.577	64543.577	64546.716	64547.008	64547.628	64547.648
320.000	480.000	800.000	0.069	89.583	102.908	1.000	37.212	21.313	12.616	21.274	37.206	430.000	64317.980	64550.136	64551.136	64555.017	64555.338	64555.768	64555.828
310.000	420.000	730.000	0.440	97.619	103.949	0.000	37.277	22.395	11.494	22.396	37.277	410.000	64317.980	64558.684	64559.685	64603.148	64603.468	64603.878	64603.898
270.000	530.000	800.000	0.316	84.906	105.469	1.000	37.233	22.731	11.262	22.628	37.222	450.000	64317.980	64607.026	64608.026	64612.019	64612.298	64612.748	64612.838
