400.000	620.000	1020.000	1.491	98.387	80.176	0.000	50.087	24.047	5.628	24.046	50.087	610.000	63802.702	63809.304	63810.305	63815.067	63815.468	63816.078	63816.098
430.000	430.000	860.000	0.516	97.674	91.472	0.000	48.679	22.744	4.330	22.748	48.679	420.000	63802.702	63823.719	63824.719	63828.829	63829.268	63829.688	63829.708
380.000	530.000	910.000	0.720	98.113	91.240	0.000	49.324	21.550	3.131	21.549	49.324	520.000	63802.702	63835.450	63836.450	63840.764	63841.147	63841.667	63841.687
540.000	630.000	1170.000	1.892	87.302	104.418	1.000	49.282	24.680	6.177	24.595	49.290	550.000	63802.702	63852.130	63853.130	63855.625	63856.168	63856.718	63856.807
350.000	480.000	830.000	2.634	97.917	94.553	0.000	48.364	25.301	6.884	25.302	48.364	470.000	63802.702	63900.586	63901.586	63904.467	63904.818	63905.288	63905.308
370.000	430.000	800.000	2.993	97.674	105.317	0.000	49.263	25.541	7.121	25.540	49.263	420.000	63802.702	63909.738	63910.738	63915.505	63915.877	63916.297	63916.317
360.000	530.000	890.000	0.916	81.132	111.227	2.000	48.440	23.719	5.139	23.558	48.432	430.000	63802.702	63920.083	63921.083	63924.357	63924.718	63925.148	63925.258
360.000	670.000	1030.000	0.545	70.149	97.796	2.000	47.426	22.687	3.946	22.364	47.600	470.000	63802.702	63927.680	63928.680	63933.204	63933.567	63934.037	63934.247
350.000	530.000	880.000	1.043	77.358	110.732	2.000	48.913	21.384	2.789	21.208	48.962	410.000	63802.702	63937.204	63938.204	63941.769	63942.128	63942.538	63942.668
350.000	680.000	1030.000	3.280	79.412	97.092	3.000	48.476	26.003	7.530	25.948	48.478	540.000	63802.702	63946.372	63947.372	63950.762	63951.117	63951.657	63951.807
330.000	440.000	770.000	0.678	97.727	101.545	0.000	48.805	22.802	4.384	22.802	48.805	430.000	63802.702	63954.293	63955.293	63957.984	63958.318	63958.748	63958.768
280.000	470.000	750.000	0.257	97.872	80.879	0.000	48.170	22.227	3.812	22.230	48.170	460.000	63802.702	64003.070	64004.070	64006.640	64006.927	64007.387	64007.407
340.000	440.000	780.000	1.889	97.727	95.134	0.000	47.835	24.371	5.954	24.372	47.835	430.000	63802.702	64009.808	64010.808	64015.149	64015.498	64015.928	64015.948
330.000	670.000	1000.000	1.344	77.612	76.236	2.000	49.128	21.270	2.428	20.846	49.250	520.000	63802.702	64018.772	64019.772	64024.087	64024.428	64024.948	64025.107
310.000	540.000	850.000	2.486	37.037	102.189	3.000	47.989	25.054	2.849	15.569	48.047	200.000	63802.702	64027.895	64028.895	64033.077	64033.388	64033.588	64033.938
330.000	580.000	910.000	0.782	91.379	88.838	1.000	47.957	23.498	5.052	23.470	47.941	530.000	63802.702	64036.612	64037.612	64041.416	64041.748	64042.278	64042.337
400.000	570.000	970.000	3.176	40.351	95.753	3.000	47.972	26.293	3.409	15.009	47.837	230.000	63802.702	64044.977	64045.978	64048.529	64048.938	64049.168	64049.518
300.000	580.000	880.000	1.336	41.379	83.465	4.000	47.199	22.367	4.031	14.388	47.388	240.000	63802.702	64052.443	64053.443	64056.345	64056.648	64056.888	64057.238
350.000	540.000	890.000	1.961	98.148	84.972	0.000	47.606	24.927	6.506	24.925	47.606	530.000	63802.702	64059.994	64100.994	64103.660	64104.018	64104.548	64104.567
310.000	570.000	880.000	1.723	98.246	89.067	0.000	48.895	24.449	6.031	24.449	48.895	560.000	63802.702	64106.893	64107.893	64112.402	64112.718	64113.278	64113.298
