430.000	440.000	870.000	2.948	97.727	56.489	0.000	41.061	14.719	17.310	14.720	41.061	430.000	114502.973	114510.125	114511.125	114513.854	114514.286	114514.716	114514.736
440.000	580.000	1020.000	1.039	56.897	58.265	2.000	37.312	19.143	17.755	14.275	36.729	330.000	114502.973	114520.607	114521.607	114525.132	114525.575	114525.905	114526.165
490.000	720.000	1210.000	0.279	88.889	60.763	2.000	36.505	18.097	14.026	18.004	36.512	640.000	114502.973	114530.167	114531.167	114535.846	114536.345	114536.985	114537.075
410.000	640.000	1050.000	0.112	57.812	53.053	2.000	35.912	18.125	18.576	13.454	35.064	370.000	114502.973	114541.142	114542.142	114545.691	114546.105	114546.475	114546.755
370.000	890.000	1260.000	0.092	32.584	39.173	6.000	36.161	18.424	24.967	7.063	33.426	290.000	114502.973	114550.343	114551.343	114555.697	114556.076	114556.366	114556.975
400.000	710.000	1110.000	0.868	61.972	47.898	2.000	35.135	18.730	17.706	14.324	34.399	440.000	114502.973	114601.654	114602.654	114604.876	114605.285	114605.726	114606.005
300.000	940.000	1240.000	0.449	23.404	50.552	6.000	35.705	18.047	24.498	7.532	33.277	220.000	114502.973	114610.149	114611.149	114615.269	114615.575	114615.795	114616.525
420.000	510.000	930.000	0.390	98.039	63.124	0.000	35.915	17.425	14.607	17.423	35.915	500.000	114502.973	114621.790	114622.791	114626.325	114626.746	114627.246	114627.266
430.000	620.000	1050.000	0.021	98.387	58.954	0.000	36.380	18.327	13.705	18.325	36.380	610.000	114502.973	114631.520	114632.520	114634.841	114635.275	114635.885	114635.905
370.000	760.000	1130.000	0.277	78.947	61.448	2.000	36.275	17.594	14.843	17.187	36.272	600.000	114502.973	114639.952	114640.952	114643.678	114644.056	114644.656	114644.826
170.000	700.000	870.000	0.423	98.571	49.661	0.000	36.721	18.924	13.106	18.924	36.721	690.000	114502.973	114649.530	114650.530	114653.392	114653.592	114654.282	114654.295
320.000	860.000	1180.000	0.685	58.140	44.321	4.000	35.576	18.258	17.206	14.824	34.643	500.000	114502.973	114657.694	114658.695	114703.474	114703.795	114704.295	114704.665
370.000	820.000	1190.000	0.419	64.634	66.440	2.000	36.209	17.774	15.775	16.256	35.801	530.000	114502.973	114710.072	114711.072	114713.784	114714.155	114714.685	114714.985
390.000	930.000	1320.000	0.191	22.581	63.503	6.000	36.540	17.917	22.218	9.812	34.700	210.000	114502.973	114718.598	114719.598	114724.259	114724.655	114724.865	114725.595
450.000	500.000	950.000	0.491	98.000	67.379	0.000	35.807	18.402	13.627	18.403	35.807	490.000	114502.973	114730.476	114731.476	114734.230	114734.686	114735.176	114735.196
400.000	500.000	900.000	0.259	98.000	70.009	0.000	36.642	18.518	13.512	18.518	36.642	490.000	114502.973	114739.233	114740.233	114744.574	114744.975	114745.465	114745.485
260.000	950.000	1210.000	0.744	26.316	70.498	4.000	38.580	19.606	19.924	12.106	35.831	250.000	114502.973	114749.890	114750.890	114754.427	114754.696	114754.946	114755.655
420.000	690.000	1110.000	0.523	98.551	51.646	0.000	35.896	17.641	14.390	17.640	35.896	680.000	114502.973	114758.999	114759.999	114804.707	114805.135	114805.815	114805.835
390.000	800.000	1190.000	0.359	76.250	59.970	2.000	36.061	17.988	14.503	17.527	35.929	610.000	114502.973	114810.103	114811.103	114815.424	114815.815	114816.425	114816.625
470.000	610.000	1080.000	0.520	98.361	55.609	0.000	36.620	19.271	12.759	19.271	36.620	600.000	114502.973	114821.728	114822.728	114825.890	114826.366	114826.966	114826.986
