490.000	940.000	1430.000	1.721	56.383	68.837	6.000	51.872	19.658	3.989	18.367	51.392	530.000	113849.576	113901.881	113902.881	113906.455	113906.946	113907.476	113907.896
670.000	440.000	1110.000	0.057	50.000	78.017	2.000	47.913	18.010	8.362	13.994	48.549	220.000	113849.576	113911.605	113912.605	113915.242	113915.915	113916.135	113916.365
340.000	800.000	1140.000	0.241	55.000	75.555	6.000	48.092	18.013	6.015	16.340	48.386	440.000	113849.576	113921.933	113922.933	113925.478	113925.826	113926.266	113926.636
410.000	350.000	760.000	1.205	57.143	85.944	2.000	48.852	19.267	8.023	14.332	49.504	200.000	113849.576	113930.743	113931.743	113935.041	113935.455	113935.655	113935.815
390.000	490.000	880.000	0.426	97.959	69.656	0.000	48.215	17.480	4.877	17.478	48.215	480.000	113849.576	113938.968	113939.969	113942.699	113943.096	113943.576	113943.596
440.000	560.000	1000.000	0.762	98.214	53.289	0.000	47.777	17.499	4.859	17.496	47.777	550.000	113849.576	113947.802	113948.802	113950.870	113951.316	113951.866	113951.885
440.000	430.000	870.000	0.434	97.674	73.032	0.000	47.524	17.548	4.807	17.548	47.524	420.000	113849.576	113955.390	113956.390	114000.443	114000.886	114001.306	114001.326
430.000	650.000	1080.000	0.599	84.615	62.473	4.000	48.200	17.779	4.645	17.710	48.223	550.000	113849.576	114005.543	114006.543	114009.598	114010.035	114010.585	114010.695
410.000	530.000	940.000	1.498	56.604	59.872	2.000	48.481	19.719	7.710	14.645	49.421	300.000	113849.576	114015.311	114016.311	114019.491	114019.906	114020.206	114020.445
450.000	690.000	1140.000	0.164	84.058	62.826	2.000	47.423	18.576	3.848	18.507	47.483	580.000	113849.576	114024.151	114025.151	114029.601	114030.055	114030.635	114030.755
430.000	610.000	1040.000	1.572	54.098	58.449	2.000	49.811	20.101	8.748	13.607	50.204	330.000	113849.576	114034.434	114035.434	114037.881	114038.315	114038.645	114038.935
540.000	540.000	1080.000	1.280	59.259	52.801	2.000	47.403	17.198	8.822	13.533	47.895	320.000	113849.576	114042.944	114043.944	114047.074	114047.615	114047.935	114048.165
590.000	750.000	1340.000	0.984	85.333	52.590	2.000	48.511	17.474	5.161	17.194	48.609	640.000	113849.576	114051.439	114052.439	114054.720	114055.315	114055.955	114056.075
390.000	670.000	1060.000	1.513	55.224	53.211	2.000	48.036	20.148	7.738	14.618	48.125	370.000	113849.576	114059.657	114100.657	114103.540	114103.935	114104.305	114104.615
420.000	660.000	1080.000	0.301	53.030	47.932	2.000	47.764	18.540	9.906	12.449	48.226	350.000	113849.576	114108.974	114109.974	114112.046	114112.477	114112.827	114113.145
420.000	840.000	1260.000	0.554	51.190	47.796	6.000	48.436	18.347	7.469	14.887	49.142	430.000	113849.576	114116.517	114117.517	114120.067	114120.495	114120.925	114121.345
420.000	720.000	1140.000	0.682	40.278	43.368	6.000	48.432	19.626	12.650	9.705	48.920	290.000	113849.576	114124.251	114125.251	114127.777	114128.206	114128.496	114128.936
480.000	840.000	1320.000	0.594	59.524	59.127	5.000	48.385	17.679	5.932	16.423	48.582	500.000	113849.576	114133.806	114134.806	114138.082	114138.565	114139.065	114139.415
410.000	640.000	1050.000	0.623	54.687	49.424	2.000	48.527	19.469	9.413	12.942	48.637	350.000	113849.576	114142.469	114143.469	114145.613	114146.026	114146.376	114146.676
520.000	720.000	1240.000	0.412	47.222	44.173	2.000	49.095	19.031	11.217	11.138	49.322	340.000	113849.576	114149.721	114150.721	114152.767	114153.295	114153.635	114154.025
