370.000	560.000	930.000	1.461	92.857	79.071	2.000	37.829	23.569	10.394	23.496	37.861	520.000	111021.334	111037.657	111038.657	111043.506	111043.882	111044.402	111044.452
380.000	600.000	980.000	3.098	73.333	73.942	2.000	33.966	20.240	14.879	19.011	33.840	440.000	111021.334	111053.846	111054.846	111058.038	111058.422	111058.862	111059.032
460.000	680.000	1140.000	4.080	75.000	119.231	2.000	39.386	28.430	5.824	28.066	39.214	510.000	111021.334	111105.155	111106.154	111109.486	111109.953	111110.463	111110.642
440.000	420.000	860.000	0.309	97.619	97.764	0.000	36.758	22.791	11.096	22.794	36.758	410.000	111021.334	111115.539	111116.539	111118.637	111119.082	111119.492	111119.512
430.000	360.000	790.000	1.327	97.222	104.844	0.000	35.467	21.238	12.647	21.243	35.467	350.000	111021.334	111127.441	111128.441	111131.008	111131.442	111131.792	111131.812
720.000	570.000	1290.000	0.697	68.421	83.001	2.000	37.479	22.336	13.009	20.881	37.064	390.000	111021.334	111138.583	111139.583	111144.119	111144.842	111145.232	111145.422
660.000	490.000	1150.000	0.063	97.959	95.456	0.000	37.267	21.318	12.574	21.316	37.267	480.000	111021.334	111149.612	111150.612	111154.908	111155.572	111156.052	111156.072
480.000	480.000	960.000	0.735	50.000	81.482	2.000	37.748	21.639	18.007	15.883	36.638	240.000	111021.334	111159.685	111200.686	111202.989	111203.472	111203.712	111203.962
590.000	480.000	1070.000	0.440	97.917	83.623	0.000	36.188	22.152	11.735	22.155	36.188	470.000	111021.334	111209.980	111210.980	111215.084	111215.681	111216.151	111216.171
490.000	650.000	1140.000	0.074	55.385	68.602	2.000	36.606	22.221	18.258	15.633	35.553	360.000	111021.334	111220.322	111221.322	111224.921	111225.412	111225.772	111226.072
400.000	700.000	1100.000	0.264	45.714	66.360	2.000	36.673	22.504	20.670	13.220	34.198	320.000	111021.334	111229.203	111230.203	111233.238	111233.641	111233.961	111234.352
350.000	610.000	960.000	0.448	57.377	66.208	2.000	37.078	22.659	17.685	16.205	35.831	350.000	111021.334	111236.617	111237.617	111240.750	111241.102	111241.452	111241.722
520.000	630.000	1150.000	0.520	41.270	61.128	2.000	37.362	22.130	21.479	12.411	36.006	260.000	111021.334	111244.613	111245.613	111248.721	111249.242	111249.502	111249.882
440.000	590.000	1030.000	0.173	98.305	71.445	0.000	36.624	22.084	11.807	22.084	36.624	580.000	111021.334	111254.694	111255.694	111259.165	111259.613	111260.193	111300.212
420.000	630.000	1050.000	0.825	98.413	62.744	0.000	38.125	22.187	11.704	22.187	38.125	620.000	111021.334	111303.156	111304.156	111306.360	111306.782	111307.402	111307.422
370.000	630.000	1000.000	0.041	98.413	62.433	0.000	36.773	21.849	12.041	21.849	36.773	620.000	111021.334	111310.787	111311.787	111315.450	111315.822	111316.442	111316.462
370.000	620.000	990.000	0.653	40.323	69.693	2.000	37.498	22.389	20.700	13.190	35.089	250.000	111021.334	111320.314	111321.314	111324.505	111324.882	111325.132	111325.511
330.000	590.000	920.000	0.076	47.458	67.466	2.000	36.834	22.350	20.683	13.207	35.598	280.000	111021.334	111328.725	111329.725	111332.567	111332.902	111333.182	111333.502
380.000	620.000	1000.000	0.806	32.258	68.901	4.000	37.493	22.581	23.498	10.392	34.930	200.000	111021.334	111336.170	111337.170	111339.325	111339.712	111339.912	111340.342
400.000	620.000	1020.000	0.583	58.065	67.363	2.000	37.425	22.646	16.252	17.638	35.881	360.000	111021.334	111344.083	111345.083	111349.528	111349.932	111350.292	111350.562
