500.000	640.000	1140.000	0.500	32.812	57.302	6.000	48.755	22.304	10.341	8.077	49.131	210.000	111657.140	111716.098	111717.098	111721.392	111721.902	111722.112	111722.552
500.000	650.000	1150.000	1.117	81.538	80.443	2.000	48.495	24.024	4.862	23.280	48.466	530.000	111657.140	111723.963	111724.963	111729.384	111729.891	111730.421	111730.551
470.000	690.000	1160.000	0.400	42.029	66.190	2.000	48.179	22.210	5.408	13.011	48.392	290.000	111657.140	111735.693	111736.693	111738.950	111739.423	111739.713	111740.122
30.000	20.000	50.000	23.154	0.000	0.000	0.000	49.193	0.000	18.418	0.000	49.193	0.000	111657.140	111744.428	111745.428	111750.038	111750.239	111750.239	111750.261
530.000	540.000	1070.000	0.220	98.148	75.297	0.000	49.227	22.529	4.110	22.529	49.227	530.000	111657.140	111755.034	111756.034	111759.333	111759.872	111760.402	111800.422
560.000	560.000	1120.000	2.113	53.571	76.471	2.000	48.836	20.801	2.761	15.657	48.909	300.000	111657.140	111804.566	111805.565	111808.643	111809.212	111809.512	111809.782
520.000	780.000	1300.000	0.111	53.846	64.715	2.000	47.928	23.123	1.548	16.871	47.966	420.000	111657.140	111815.336	111816.336	111819.844	111820.372	111820.792	111821.162
470.000	640.000	1110.000	0.509	98.437	71.222	0.000	47.334	23.496	5.077	23.496	47.334	630.000	111657.140	111827.518	111828.518	111830.928	111831.402	111832.032	111832.052
480.000	700.000	1180.000	2.331	54.286	69.947	3.000	47.567	20.954	2.019	16.399	48.425	380.000	111657.140	111835.912	111836.912	111840.602	111841.091	111841.471	111841.802
420.000	610.000	1030.000	1.632	52.459	79.481	2.000	47.400	24.814	2.336	16.083	47.689	320.000	111657.140	111845.344	111846.344	111848.920	111849.342	111849.662	111849.962
530.000	630.000	1160.000	0.441	98.413	62.618	0.000	47.125	23.437	5.019	23.437	47.125	620.000	111657.140	111853.656	111854.656	111859.086	111859.621	111860.242	111900.261
460.000	760.000	1220.000	0.073	98.684	64.154	0.000	47.301	22.912	4.492	22.910	47.301	750.000	111657.140	111902.955	111903.955	111908.661	111909.122	111909.872	111909.892
370.000	360.000	730.000	12.147	0.000	61.168	0.000	48.104	10.981	18.415	0.004	49.362	0.000	111657.140	111912.439	111913.439	111916.009	111916.382	111916.382	111916.751
490.000	690.000	1180.000	0.214	49.275	114.168	6.000	47.473	22.972	4.878	13.541	48.056	340.000	111657.140	111919.472	111920.472	111922.611	111923.102	111923.442	111923.802
240.000	810.000	1050.000	0.080	65.432	64.801	2.000	48.035	23.334	1.131	17.288	48.744	530.000	111657.140	111925.898	111926.898	111929.576	111929.822	111930.352	111930.642
410.000	750.000	1160.000	0.073	98.667	62.963	0.000	48.275	22.961	4.540	22.958	48.275	740.000	111657.140	111932.888	111933.889	111938.092	111938.512	111939.252	111939.272
340.000	650.000	990.000	0.357	98.462	68.210	0.000	47.057	23.032	4.614	23.032	47.057	640.000	111657.140	111942.091	111943.091	111947.641	111947.982	111948.622	111948.642
420.000	900.000	1320.000	0.592	34.444	66.127	7.000	48.366	23.628	4.592	13.826	49.215	310.000	111657.140	111952.750	111953.751	111958.119	111958.542	111958.852	111959.452
450.000	640.000	1090.000	0.214	57.812	62.973	2.000	47.486	21.830	1.129	17.290	48.090	370.000	111657.140	112001.551	112002.551	112004.905	112005.362	112005.732	112006.012
440.000	600.000	1040.000	0.839	43.333	60.596	4.000	47.960	22.902	6.665	11.753	49.098	260.000	111657.140	112008.019	112009.019	112011.272	112011.722	112011.982	112012.332
