340.000	690.000	1030.000	0.036	39.130	44.399	7.000	36.163	18.419	22.640	9.570	34.099	270.000	104520.879	104523.692	104524.692	104528.368	104528.714	104528.984	104529.414
410.000	570.000	980.000	0.097	49.123	55.035	2.000	36.170	18.322	20.306	11.904	34.620	280.000	104520.879	104531.134	104532.134	104535.893	104536.304	104536.584	104536.884
340.000	580.000	920.000	0.444	41.379	52.962	2.000	35.637	17.785	22.950	9.260	33.703	240.000	104520.879	104538.670	104539.670	104542.717	104543.064	104543.304	104543.654
350.000	580.000	930.000	1.289	46.552	55.238	2.000	37.322	19.041	20.620	11.590	35.920	270.000	104520.879	104545.307	104546.307	104550.565	104550.924	104551.194	104551.514
330.000	750.000	1080.000	0.304	89.333	49.448	3.000	35.969	17.710	14.632	17.578	35.988	670.000	104520.879	104553.427	104554.427	104557.496	104557.834	104558.504	104558.595
340.000	610.000	950.000	0.229	98.361	56.770	0.000	35.455	18.460	13.750	18.460	35.455	600.000	104520.879	104600.280	104601.279	104603.397	104603.744	104604.344	104604.364
380.000	700.000	1080.000	0.373	95.714	51.816	1.000	37.088	17.338	14.889	17.321	37.088	670.000	104520.879	104606.387	104607.387	104609.704	104610.095	104610.765	104610.804
310.000	610.000	920.000	1.232	34.426	52.964	2.000	37.111	19.315	23.914	8.296	34.438	210.000	104520.879	104613.547	104614.548	104618.241	104618.554	104618.764	104619.174
330.000	680.000	1010.000	0.148	42.647	43.513	4.000	36.376	18.116	22.738	9.472	34.499	290.000	104520.879	104621.496	104622.496	104626.606	104626.944	104627.234	104627.634
370.000	730.000	1100.000	0.657	45.205	50.275	2.000	35.576	18.021	19.591	12.619	34.477	330.000	104520.879	104629.284	104630.284	104634.273	104634.645	104634.975	104635.384
310.000	630.000	940.000	0.244	98.413	45.402	0.000	35.770	17.617	14.600	17.610	35.770	620.000	104520.879	104636.889	104637.889	104641.960	104642.274	104642.894	104642.914
340.000	980.000	1320.000	0.187	56.122	46.819	5.000	36.015	18.064	15.511	16.699	36.191	550.000	104520.879	104645.077	104646.077	104649.977	104650.325	104650.875	104651.315
210.000	930.000	1140.000	0.587	34.409	54.715	4.000	36.952	19.841	21.873	10.337	34.851	320.000	104520.879	104652.605	104653.604	104656.432	104656.644	104656.964	104657.584
310.000	860.000	1170.000	0.497	33.721	41.020	6.000	34.955	18.865	23.625	8.585	32.609	290.000	104520.879	104700.194	104701.194	104705.303	104705.614	104705.904	104706.485
370.000	830.000	1200.000	0.115	22.892	47.263	7.000	35.994	18.324	25.562	6.648	33.910	190.000	104520.879	104709.671	104710.670	104713.603	104713.974	104714.164	104714.814
380.000	680.000	1060.000	0.099	98.529	51.747	0.000	36.219	18.215	13.998	18.212	36.219	670.000	104520.879	104716.516	104717.516	104721.991	104722.374	104723.044	104723.064
390.000	720.000	1110.000	0.152	41.667	54.023	4.000	36.160	18.444	20.217	11.993	35.081	300.000	104520.879	104724.826	104725.827	104728.075	104728.474	104728.774	104729.204
340.000	630.000	970.000	0.010	33.333	49.129	4.000	35.870	17.999	24.270	7.940	33.230	210.000	104520.879	104730.843	104731.843	104736.253	104736.594	104736.804	104737.234
380.000	870.000	1250.000	0.241	40.230	40.007	4.000	35.395	18.053	21.907	10.303	34.075	350.000	104520.879	104739.490	104740.490	104745.364	104745.744	104746.094	104746.624
330.000	550.000	880.000	0.258	98.182	58.394	0.000	36.256	17.510	14.701	17.509	36.256	540.000	104520.879	104748.155	104749.155	104753.749	104754.084	104754.624	104754.644
