470.000	210.000	680.000	18.856	76.190	7.500	2.000	50.054	0.754	21.915	0.697	50.118	160.000	104959.237	105005.516	105006.516	105010.797	105011.274	105011.434	105011.494
390.000	650.000	1040.000	0.174	21.538	61.455	4.000	48.744	17.804	16.284	6.329	49.760	140.000	104959.237	105014.532	105015.532	105019.228	105019.625	105019.765	105020.284
340.000	750.000	1090.000	0.284	37.333	66.555	4.000	49.404	18.993	8.223	14.389	49.914	280.000	104959.237	105023.005	105024.005	105028.398	105028.744	105029.024	105029.504
420.000	550.000	970.000	0.983	98.182	58.471	0.000	47.721	17.408	5.208	17.404	47.721	540.000	104959.237	105030.992	105031.992	105034.326	105034.754	105035.294	105035.314
390.000	740.000	1130.000	1.250	41.892	58.773	4.000	49.124	17.545	8.375	14.237	49.530	310.000	104959.237	105036.671	105037.671	105040.133	105040.524	105040.834	105041.274
260.000	650.000	910.000	1.046	98.462	69.735	0.000	48.527	19.487	3.127	19.485	48.527	640.000	104959.237	105042.481	105043.481	105045.516	105045.784	105046.424	105046.444
350.000	610.000	960.000	0.561	54.098	46.881	2.000	48.117	17.687	10.054	12.558	49.205	330.000	104959.237	105048.035	105049.035	105053.335	105053.694	105054.024	105054.314
340.000	610.000	950.000	0.209	29.508	58.672	2.000	47.772	18.156	13.655	8.957	48.886	180.000	104959.237	105057.167	105058.166	105102.978	105103.324	105103.504	105103.944
340.000	730.000	1070.000	0.026	31.507	56.060	4.000	48.990	18.327	11.843	10.770	49.206	230.000	104959.237	105105.386	105106.386	105110.271	105110.614	105110.844	105111.355
360.000	670.000	1030.000	0.877	40.299	42.297	4.000	47.292	17.495	13.532	9.081	48.404	270.000	104959.237	105112.761	105113.761	105117.741	105118.104	105118.374	105118.784
380.000	600.000	980.000	0.588	45.000	52.852	4.000	48.289	18.941	11.681	10.931	49.419	270.000	104959.237	105120.388	105121.388	105125.740	105126.124	105126.394	105126.734
410.000	740.000	1150.000	0.242	41.892	42.499	6.000	47.652	18.408	13.403	9.209	48.421	310.000	104959.237	105128.022	105129.023	105131.541	105131.956	105132.266	105132.704
400.000	840.000	1240.000	0.287	29.762	45.933	4.000	48.493	18.450	13.667	8.946	49.549	250.000	104959.237	105133.817	105134.817	105139.507	105139.914	105140.164	105140.764
330.000	710.000	1040.000	0.046	30.986	49.546	4.000	48.304	18.376	14.268	8.345	49.078	220.000	104959.237	105142.495	105143.495	105146.230	105146.564	105146.784	105147.284
340.000	860.000	1200.000	0.339	30.233	58.420	6.000	49.516	19.839	11.076	11.537	49.905	260.000	104959.237	105148.742	105149.742	105152.557	105152.904	105153.164	105153.774
380.000	700.000	1080.000	0.013	98.571	49.647	0.000	48.001	18.571	4.042	18.570	48.001	690.000	104959.237	105154.820	105155.820	105159.504	105159.894	105160.584	105200.604
320.000	620.000	940.000	0.556	29.032	51.036	2.000	48.191	17.535	15.521	7.091	49.039	180.000	104959.237	105202.109	105203.109	105206.864	105207.185	105207.365	105207.814
380.000	650.000	1030.000	0.342	47.692	48.985	2.000	48.165	18.236	10.248	12.364	48.801	310.000	104959.237	105209.223	105210.223	105212.297	105212.684	105212.994	105213.344
300.000	720.000	1020.000	0.521	31.944	38.251	6.000	48.163	17.862	15.794	6.818	49.296	230.000	104959.237	105214.511	105215.511	105219.009	105219.314	105219.544	105220.044
360.000	670.000	1030.000	0.517	97.015	50.672	1.000	47.726	18.001	4.617	17.995	47.726	650.000	104959.237	105221.823	105222.824	105225.468	105225.834	105226.484	105226.514
